0.21667525 2.2661119 8.93935
0.47524905 2.280477 9.274539
0.676362 2.0697873 9.288904
0.22625206 2.112883 9.513959
0.31244332 1.9979613 9.772532
0.2741361 2.136825 9.365519
0.14963761 2.0841527 9.264962
0.130484 1.9405005 9.250597
0.33638534 1.9644425 9.346365
0.39863458 2.03148 9.159617
0.2789245 2.0266917 9.264962
0.30765492 1.9500773 9.882666
0.37948096 2.0219033 9.7007065
0.29807812 1.9644425 9.619304
0.16400282 1.8734628 9.609727
0.073023155 1.7633295 9.466075
0.25498247 1.7202339 9.686341
0.2885013 1.8590976 9.552266
0.3890578 1.9309237 9.399037
0.36032736 1.9596541 9.394249
0.15442601 1.8255788 9.5570545
-0.051475335 1.638831 9.643246
0.130484 1.7776948 9.403826
0.092176765 1.7776948 9.341577
-0.24779987 1.590947 9.260174
-0.089782566 1.5382746 9.57142
-0.17118542 1.5334862 9.648034
-0.108936176 1.5191209 9.533113
0.11133038 1.6484078 9.7007065
-0.094570965 1.4856021 9.796474
-0.11372458 1.34195 9.925761
-0.003591303 1.4185646 9.743802
-0.003591303 1.471237 9.513959
0.10175357 1.4616601 9.470863
0.1352724 1.4664485 9.485229
0.20709845 1.4425066 9.695918
0.37948096 1.6053122 9.6049385
0.25977087 1.5095441 9.686341
0.39863458 1.5382746 9.715072
0.49919105 1.6962919 9.638457
0.427365 1.8064252 9.389461
0.32202014 1.7824832 9.221867
0.015562311 1.543063 9.312846
-0.20470424 1.3371617 9.5570545
-0.16160862 1.3563153 9.336788
-0.12808979 1.4329298 9.221867
0.16879122 1.614889 9.427768
0.077811554 1.6675615 9.456498
0.034715924 1.7106571 9.389461
0.039504327 1.8590976 9.169194
0.25498247 2.03148 9.159617
0.36032736 1.9452889 9.585785
0.11133038 1.8782512 9.930551
-0.061052144 1.887828 10.02153
-0.003591303 2.0410569 9.609727
-0.08499416 2.184709 8.982447
-0.25737667 1.9117701 9.178771
-0.24779987 1.7729063 9.887454
-0.142455 1.7968484 9.844358
-0.07062895 1.863886 9.442133
-0.008379706 1.8734628 9.078215
-0.07062895 1.7776948 9.12131
-0.19512744 1.6915035 8.987235
0.049081136 1.7633295 9.159617
0.5710171 1.8590976 9.916184
0.78170687 1.9500773 10.356718
0.700304 2.1799207 10.23222
0.8631097 2.4480712 9.825205
0.9684546 2.6252422 9.782109
1.0307038 2.634819 10.035895
0.8726865 2.586935 9.801263
0.7290344 2.5438392 9.327211
0.6572084 2.3427265 9.068638
0.7290344 2.208651 9.073426
0.8678981 2.1511903 8.958505
0.9780314 2.2182279 9.140464
0.8295909 2.3666685 8.963293
0.80086046 2.586935 8.800487
0.7721301 2.658761 9.140464
0.82001406 2.7449522 9.145252
0.9588778 2.7976246 9.375095
0.8678981 2.7832594 9.183559
0.8535329 2.8072014 8.891466
0.80564886 2.8119898 8.81964
0.6667852 2.7449522 8.589797
0.5710171 2.778471 8.565855
0.29328972 2.7688942 8.613739
0.092176765 2.802413 8.743026
0.029927522 2.9460652 8.886678
-0.05626374 3.1663318 9.054273
-0.003591303 3.4823663 9.327211
0.015562311 3.7600937 9.681553
-0.17597382 3.6643257 10.50037
-0.44891283 3.357868 10.955269
-0.712275 3.228581 10.897807
-0.6452374 3.2860417 10.825981
-0.7314286 3.965995 9.968858
-0.027533319 4.3155484 7.459734
0.3890578 2.9508536 8.245032
-0.094570965 0.3890578 12.975975
-1.0953473 -1.8423382 16.576855
-3.1639376 -1.6124948 15.523405
-1.3251907 1.2270284 10.452486
-0.31004912 3.1615434 5.9370217
-0.6500258 2.7641058 3.5045128
-1.8423382 1.447295 4.4957123
-2.1392193 0.2645593 6.5882444
-1.6843209 -0.18076223 8.585009
-0.93254155 -0.10414778 9.897031
-0.6356605 0.21188685 10.945692
-1.1288661 0.45130703 11.462839
-1.7609353 1.0498575 10.347141
-1.4879963 2.112883 8.834005
-0.81283146 2.9412768 8.278551
-0.89902276 3.1950622 8.292916
-1.1336545 3.0609868 8.139688
-1.1575965 2.9700072 8.010401
-1.555034 2.4768016 8.422203
-1.7753005 2.12246 8.685565
-1.5406688 2.0649989 9.169194
-1.5167267 2.1080947 9.518747
-1.411382 2.2852654 9.226655
-1.1049241 2.6300306 8.757391
-0.9947908 2.9173348 8.398261
-1.1288661 3.0226796 8.3312235
-1.1575965 3.0657754 8.383896
-0.961272 3.252523 8.58022
-0.6739678 3.4344823 8.934562
-0.48243165 3.6212301 9.274539
-0.48243165 3.855862 9.346365
-0.39145198 4.0138793 9.595362
-0.37708676 4.119224 10.050261
-0.4201824 3.9468415 10.495582
-0.51116204 3.6020765 11.060614
-0.7649474 3.6164417 10.912173
0.1448492 3.515885 9.537901
0.8439561 3.0418332 9.351153
1.6244658 1.0594343 12.09012
0.973243 -0.8367735 16.845005
0.025139118 -1.4496891 16.495451
-0.33399114 -0.061052144 10.323199
-0.08499416 1.1599907 5.4964886
0.70509243 1.4568717 3.3321302
2.2373815 1.5191209 5.2474914
2.6156654 1.0594343 8.345589
1.9452889 0.81043726 10.548254
0.6715736 0.79607207 10.572196
0.029927522 1.1360487 8.829217
-0.08020575 1.5622166 7.459734
0.029927522 1.9357121 7.402273
0.11611878 1.79206 8.422203
0.33638534 1.6867151 9.073426
0.6955156 1.6819267 9.485229
0.91099375 1.7441759 9.705495
0.9828198 1.9835961 9.504382
1.0594343 2.3187842 9.111733
1.1025299 2.634819 9.221867
1.1025299 2.9652188 9.164406
1.0929531 3.3722332 9.0016
0.8487445 3.3913867 9.327211
0.34117374 3.0945058 9.231443
0.14963761 2.8933928 9.21229
0.06823475 3.027468 8.857947
0.1592144 3.2716765 8.79091
0.005985504 3.3530796 9.111733
-0.15682021 3.453636 9.542689
-0.25258827 3.5637693 10.131663
-0.12330139 3.6882677 10.802039
-0.22385786 3.6739025 10.720636
-0.88944596 3.558981 10.332776
-1.6843209 3.333926 10.476428
-1.2150574 4.368221 9.863512
0.049081136 5.043386 7.2107368
1.6675615 3.678691 9.882666
0.49919105 0.7529764 14.762049
-2.3834279 -1.6795325 15.671845
-3.930082 -0.45848963 11.180324
-0.6548142 2.6731262 7.4932528
0.20709845 3.1615434 6.669647
-1.7657237 1.423353 7.766192
-2.292448 0.5231331 8.455722
-1.6986861 0.61411273 8.680777
-0.89902276 1.4041992 8.3072815
-0.51595044 2.0410569 7.814076
-0.37708676 2.5582044 7.2203135
-0.79367787 2.4672248 7.330447
-1.282095 2.1511903 7.5171947
-1.0522517 2.1416135 8.225879
-0.49679685 2.505532 8.848371
-0.17118542 3.132813 8.838794
-0.6835446 3.05141 8.522759
-1.2677298 2.8550856 8.422203
-1.3587095 2.8550856 8.623316
-1.0666169 3.0705638 8.407838
-0.6548142 3.4919431 8.556278
-0.52073884 3.846285 8.441357
-0.5590461 3.8606503 8.225879
-0.6404489 3.807978 8.407838
-0.45848963 3.7792473 9.12131
-0.49200845 3.8510735 9.6288805
-0.45370123 3.7984009 10.337564
-0.2765303 3.6595373 11.156382
-0.45370123 3.3147724 11.386225
-0.49200845 3.0322564 10.610503
-0.49200845 3.4009635 10.600926
0.6380547 3.3291376 9.327211
2.088941 2.9125464 10.634445
2.6539726 1.4616601 14.565724
1.2270284 -0.12330139 15.906478
0.34596214 -0.4201824 12.932879
0.12090719 0.18794483 8.082227
0.9780314 0.78649527 6.8324533
2.1990743 0.90141696 8.728661
2.1894975 1.0785879 9.9928
1.887828 1.9117701 9.6049385
1.3850456 2.5246856 8.039131
0.7577648 2.8072014 6.487688
0.15442601 2.5007436 5.7215433
0.08259996 2.1894975 5.9801173
0.2741361 1.8064252 7.5985975
0.22146365 1.2509704 9.025542
0.14963761 0.94930094 9.892242
0.29807812 1.0642227 10.165182
0.2789245 1.6819267 9.6049385
0.34117374 2.280477 8.857947
0.748188 2.9173348 8.446145
1.1456255 3.405752 8.589797
1.1456255 3.678691 8.613739
0.93014735 3.8271315 8.436568
0.1352724 3.716998 8.465299
0.049081136 3.3674448 8.297705
-0.075417355 3.0657754 8.455722
-0.5351041 3.0945058 8.992023
-0.5590461 3.2381577 9.442133
-0.5734113 3.6164417 9.576208
-0.30526072 3.6355953 10.270527
0.36511576 3.9324763 11.577761
0.1592144 3.9516299 12.003929
-0.7553706 3.5637693 11.654375
-1.459266 3.630807 10.782886
-0.93254155 5.0002904 8.446145
-0.14724341 5.019444 8.16363
0.5231331 1.9452889 11.893796
-0.06584055 -0.7553706 15.264832
-2.2254105 -1.8614918 13.790003
-2.373851 0.34596214 8.867524
-0.18076223 3.0609868 5.324106
0.020350715 3.9755719 4.859631
-1.3204023 1.5765818 6.7749925
-2.0721815 0.51355624 8.154053
-1.8327614 0.077811554 9.193136
-0.9756372 0.6859388 9.494805
0.16400282 1.7633295 9.312846
0.19273324 1.9165585 9.097368
-0.961272 1.6819267 8.733449
-1.2485762 1.7441759 7.8667483
-0.664391 2.5151088 7.555502
-0.20949265 3.0897174 8.144476
-0.25737667 3.477578 9.025542
-0.7026982 3.2094274 8.924985
-1.5358804 2.5486276 8.46051
-1.5071499 2.337938 8.556278
-0.961272 2.48159 8.58022
-0.93254155 2.5582044 8.968081
-0.9947908 2.754529 9.178771
-0.89902276 3.1950622 8.853159
-0.58298814 3.654749 8.345589
-0.7457938 3.702633 8.479664
-0.82240826 3.4727895 9.264962
-0.7457938 3.3530796 10.356718
-0.6452374 3.1998506 11.261726
-0.58298814 3.084929 11.821969
-0.21428105 3.1615434 11.673529
0.092176765 3.3770216 10.883442
0.17357962 3.5972881 10.179547
0.5566519 3.0131028 9.528324
2.055422 2.2182279 11.663952
2.3810337 1.0067618 14.944009
1.174356 -0.63087213 15.05893
-0.5303157 -0.9660604 11.04146
0.1448492 -0.36750996 7.6847887
1.5765818 0.2741361 7.5171947
2.5103204 0.49919105 9.509171
1.7154455 0.7146692 10.117298
1.2844892 1.5717934 8.709507
0.70509243 2.1320367 7.340024
0.17357962 2.3666685 6.1524997
-0.017956512 2.2134395 5.5922565
0.039504327 1.9931729 6.1141925
0.23104046 1.5765818 8.048708
0.2837129 1.1216835 9.69113
0.08738836 0.93493575 10.26095
0.049081136 1.34195 9.6528225
0.25019407 1.9500773 8.968081
0.51355624 2.5773582 8.168418
0.81522566 3.0418332 7.838018
0.9588778 3.4680011 7.814076
0.82480246 3.6116533 8.096592
0.46567222 3.5350387 8.647258
0.29807812 3.4680011 8.479664
0.17357962 3.4249055 8.465299
0.11611878 3.3722332 9.015965
-0.2621651 3.0561984 9.437345
-0.2669535 3.0945058 9.758167
-0.2621651 3.108871 10.160394
-0.1376666 3.2381577 11.314399
-0.18076223 3.4249055 12.415731
-0.6931214 3.7361517 12.521076
-0.7266402 4.5501804 10.940904
-0.89423436 4.0904937 9.681553
-0.027533319 2.0458453 12.602479
0.6715736 0.29328972 15.968727
-1.7609353 -1.1480197 15.173852
-2.8670566 0.5614403 9.796474
-0.61650693 3.2573113 6.3344593
0.59974754 3.4584243 5.94181
-1.5837644 1.4760253 7.3687544
-2.1871033 0.2837129 7.86196
-1.6077064 0.1448492 8.158841
-0.7553706 0.6955156 8.029554
-0.5686229 1.1456255 7.1101804
-0.59735334 1.3994108 6.976105
-0.58298814 1.4425066 7.450157
-0.5494693 1.4616601 7.8954787
-0.38187516 1.6579847 8.067862
-0.25258827 2.0362685 8.010401
-0.47764325 2.6779146 7.972093
-0.4345476 3.228581 7.9912467
-0.62608373 3.4680011 8.245032
-0.60693014 3.7074213 8.752603
-0.6835446 3.558981 9.044696
-0.92296475 3.4871547 9.375095
-0.8655039 3.7313633 9.015965
-0.7697359 3.8654387 8.987235
-0.94690675 3.630807 9.308058
-1.1528081 3.2573113 9.671976
-1.1192893 2.8502972 10.361506
-0.7697359 2.48159 11.314399
-0.20470424 2.3475149 12.410943
0.16400282 2.5390508 12.573749
0.33159694 2.8646624 11.87943
0.91578215 3.1519666 9.983223
1.8590976 2.8646624 9.729437
2.8072014 0.9923966 14.584878
1.1360487 -1.5310919 16.998234
-0.2908955 -1.4257472 12.746131
0.5614403 -0.24301147 7.732673
2.0841527 0.2837129 8.829217
2.553416 0.11611878 11.237784
1.7250223 -0.108936176 11.271303
1.1504139 0.58538234 9.351153
1.2270284 1.6627731 6.8611836
1.3036429 2.6013002 4.8644195
1.1647792 2.9891608 3.6050692
0.48003745 2.8072014 3.9594111
0.427365 2.7210102 5.065532
0.59495914 2.3666685 6.4828997
0.5374983 1.8255788 8.177995
0.45609543 1.0642227 10.184336
0.034715924 0.6955156 11.223419
-0.29568392 1.0737995 10.773309
0.092176765 1.9500773 9.547478
0.4369418 2.7162218 8.613739
0.65242 3.2190042 8.139688
0.90620536 3.7217865 8.039131
0.6619968 3.8989575 7.814076
0.21188685 3.764882 7.9529395
-0.022744916 3.726575 8.46051
-0.30047232 3.654749 9.078215
-0.5494693 3.3147724 10.457274
-0.79367787 2.9317 12.334329
-1.009156 2.586935 13.445238
-1.1384429 3.1040826 12.588114
-0.7266402 4.176685 10.634445
-0.49679685 4.056975 9.274539
0.3172317 2.1990743 12.80838
0.40821138 0.10175357 16.91683
-0.961272 -1.3922282 15.719729
-1.5023615 0.7194576 9.796474
0.1352724 2.8742392 5.319318
0.45130703 2.9269116 5.707178
-0.90859956 1.1121067 8.125322
-1.1959038 0.20231004 9.145252
-1.0522517 0.19752164 8.446145
-0.61171854 0.80086046 7.3208704
-0.51116204 1.0642227 6.851607
-0.2621651 1.2605472 6.8563952
-0.37229836 1.3802572 7.114969
-0.47285482 1.4377182 7.579444
-0.49679685 1.5861586 7.65127
-0.2765303 1.816002 7.7997108
-0.01316811 2.2038627 7.933786
0.06344634 2.6491842 8.182783
-0.008379706 3.204639 8.254609
-0.48243165 3.3435028 8.714295
-0.61650693 3.4823663 9.202713
-0.35793316 3.750517 9.791686
-0.17118542 3.9803603 9.873089
-0.2669535 4.0043025 9.312846
-0.12808979 3.750517 9.983223
-0.24779987 2.9460652 11.778873
-0.7649474 2.2948422 13.047801
-0.5398925 2.4432828 12.664728
-0.20470424 2.7976246 12.228984
-0.17118542 3.5206735 10.442909
0.91578215 3.879804 8.096592
2.328361 1.0259154 12.80838
1.8590976 -2.086547 18.96148
-0.003591303 -3.369839 16.663046
0.025139118 -1.1049241 9.547478
1.6627731 1.0977415 6.2243257
2.8742392 1.246182 8.245032
1.8974048 0.79607207 9.264962
0.9684546 1.0402806 8.556278
0.8822633 1.5574282 7.8715367
0.7769185 1.9740193 6.497265
0.7146692 2.4193408 5.0559554
0.61411273 2.8790276 4.2515035
0.40821138 2.9460652 5.084686
0.21667525 2.5677812 6.2243257
0.20231004 2.0841527 7.4166384
0.29328972 1.5957354 9.466075
0.05865794 1.2557588 11.084556
-0.45848963 1.5382746 11.017518
-0.18076223 2.2517467 9.442133
0.24061728 3.1232362 8.517971
0.48961425 3.654749 8.130111
0.33159694 3.8893807 7.603386
-0.07062895 3.9516299 7.6225395
-0.51595044 3.7696705 7.7709804
-0.6691794 3.7792473 8.575432
-0.81761986 3.5110967 10.2417965
-1.3587095 2.9700072 11.683105
-1.5741876 2.634819 13.196241
-1.5358804 2.9843724 13.253702
-2.3116016 4.2341456 11.256938
-0.7266402 5.2061915 8.968081
0.7433996 2.7736826 12.477981
0.12569559 0.23104046 15.963939
-1.9812019 -1.1671734 13.335105
-1.9285295 0.4369418 7.6129627
-0.51595044 2.5103204 5.324106
0.37469256 2.4863784 7.8332295
-1.0235212 1.198298 9.284116
-1.3251907 0.45130703 9.767744
-1.0666169 0.7290344 8.905831
-0.79846627 1.3563153 7.354389
-0.51116204 1.9692309 6.4062853
-0.38187516 2.2948422 5.9561753
-0.23343466 2.3953989 6.2769985
-0.051475335 2.2852654 7.474099
-0.022744916 2.1942859 8.738237
0.025139118 2.1751323 9.178771
-0.4297592 2.3331497 9.169194
-0.35793316 2.9173348 8.992023
-0.47764325 3.2381577 8.206725
-0.6452374 3.429694 8.249821
-0.25258827 3.669114 8.752603
-0.12808979 3.8367083 8.81964
-0.11372458 3.8989575 8.766968
-0.17118542 3.894169 8.977658
-0.1376666 4.047398 9.049484
-0.07062895 4.2437224 9.466075
-0.30047232 3.8845923 10.2896805
-0.075417355 3.5781345 11.66874
0.23582886 3.204639 12.612056
0.22625206 3.05141 12.219407
0.06344634 3.645172 10.64881
0.700304 3.4871547 6.937798
1.9213469 2.0171149 9.777321
2.0745757 -0.4249708 15.461156
0.47046062 -2.110489 16.993444
-0.20470424 -1.1049241 12.511499
0.8678981 0.36990416 8.326435
2.2421699 1.1599907 8.2354555
2.6922798 1.1935096 9.384672
2.1033063 1.6484078 8.393473
1.5382746 2.2038627 7.2107368
0.7098808 2.4241292 5.9801173
0.11611878 2.3953989 5.017648
0.2741361 2.256535 5.486912
0.4369418 1.9596541 7.4549456
0.47046062 1.6292542 9.025542
0.6907272 1.2605472 10.883442
0.39384618 0.9923966 11.908161
0.11133038 1.1791444 11.323976
0.37469256 2.0458453 8.628104
0.7577648 2.8311436 7.483676
0.7673417 3.027468 7.713519
0.7098808 3.1615434 8.154053
0.9828198 3.5350387 8.22109
1.0019734 3.9995139 8.024766
0.5566519 3.9564183 7.876325
0.23104046 3.8510735 8.278551
-0.022744916 3.6643257 9.231443
-0.2908955 3.4919431 9.877877
-0.48722005 3.3147724 10.864288
-0.7074866 3.1711202 11.735778
-0.94690675 3.1663318 12.123639
-1.2916719 3.8031895 11.764508
-0.9708488 4.64116 9.490017
-0.08020575 3.894169 9.705495
0.18315643 1.4425066 14.287997
-0.80804306 -0.81761986 15.916055
-2.349909 -0.3866636 10.2417965
-1.2150574 2.304419 5.04159
1.021127 4.1718965 4.5675383
-0.14724341 2.3570917 8.3312235
-1.4544775 0.6667852 10.385448
-1.6124948 0.1592144 10.797251
-0.93254155 0.81522566 9.561843
-0.03232172 1.6771383 8.149264
-0.046686932 2.098518 7.177218
-0.21906945 2.2182279 6.4924765
-0.40102878 2.4528596 5.9705405
-0.22385786 2.6491842 6.296152
-0.003591303 2.6779146 7.306505
-0.017956512 2.5246856 8.096592
-0.1376666 2.7401638 8.623316
-0.3196259 2.883816 8.891466
-0.6404489 2.9460652 8.824429
-0.44891283 3.357868 8.532336
-0.037110128 4.0186677 8.450933
-0.10414778 4.2676644 8.450933
-0.23822308 4.2916064 8.6712
-0.25737667 4.0043025 9.470863
-0.415394 3.558981 10.423756
-0.20470424 3.156755 11.6352215
0.12569559 3.0178912 13.086108
0.34596214 3.0370448 12.918514
-0.2861071 3.4727895 11.6352215
0.62368953 3.38181 7.86196
1.3467385 2.2230163 8.3551655
2.1511903 -0.36750996 14.465168
0.7146692 -2.7138276 18.698116
-0.79846627 -1.9907787 13.775638
0.59974754 0.37469256 7.4310036
2.3570917 1.8543092 5.8843493
3.38181 1.3611037 9.8683
2.3570917 0.62847793 11.596914
1.423353 1.0115502 10.83077
1.1935096 2.1416135 7.7949224
0.8439561 2.8119898 5.357625
0.65242 3.0705638 3.9785647
0.5231331 2.6683378 4.299388
0.58538234 2.1272483 6.4445925
0.6380547 1.543063 8.522759
0.7098808 1.021127 10.318411
0.31244332 0.94930094 11.051037
-0.2765303 1.1216835 10.1939125
-0.36750996 1.638831 8.675988
0.077811554 2.36188 8.029554
0.61411273 2.9125464 8.417415
0.8822633 3.5063083 8.398261
0.78649527 3.894169 8.154053
0.50397944 4.2054152 8.19236
0.36990416 4.2341456 8.455722
0.21188685 4.0282445 9.245809
-0.09935937 3.6978445 10.184336
-0.44891283 3.309984 11.242573
-0.79846627 3.1232362 12.30081
-1.0139444 3.3195608 12.2241955
-1.2246342 3.8989575 11.625645
-0.8798691 4.985925 9.427768
0.09696517 4.8662148 8.513183
0.6715736 1.9692309 12.794015
-0.008379706 -0.7410054 16.188993
-2.1440077 -1.7130513 12.679093
-1.6651673 0.5422867 7.1101804
0.30286652 2.8933928 4.869208
0.49440265 2.3762453 7.20116
-0.6931214 0.9828198 8.848371
-0.9516952 0.32680854 9.638457
-0.8559271 0.6572084 8.795698
-0.2908955 1.5191209 7.2729864
-0.1328782 1.9069817 6.4541693
0.039504327 2.1942859 6.5307837
-0.046686932 2.0937295 7.569867
-0.2621651 2.0123265 8.091804
-0.23822308 2.0362685 8.628104
-0.2861071 2.409764 9.025542
-0.37229836 3.0226796 8.824429
-0.5781997 3.2908301 8.197148
-0.6787562 3.2477345 8.494029
-0.7457938 3.2333694 8.752603
-0.49679685 3.5446155 9.102157
-0.32441434 3.8654387 9.111733
-0.32920274 4.0904937 8.987235
-0.30047232 4.1240125 8.757391
-0.2813187 3.965995 9.197925
-0.52073884 3.1854854 10.50037
-0.45370123 2.7257986 11.845911
0.10654198 2.7497406 12.707824
0.21188685 3.027468 11.989564
0.2693477 3.6164417 10.174759
1.3323733 3.38181 8.417415
2.6779146 1.863886 11.932103
1.9548657 -0.061052144 16.083649
0.17357962 -1.3395559 15.801132
-0.2717419 -0.24779987 10.002377
0.5422867 0.700304 6.0088477
2.2421699 1.34195 7.057508
3.0992942 0.9780314 10.208278
1.9213469 0.5470751 11.730989
0.7625532 0.9876082 10.524312
0.6428431 2.2182279 7.603386
0.47046062 2.658761 5.644929
0.37469256 2.6491842 5.084686
0.6332663 2.280477 5.769428
0.8487445 1.8064252 7.105392
0.9876082 1.5861586 8.474875
1.0067618 1.6292542 9.015965
0.7098808 1.7298107 9.422979
0.4369418 2.1080947 9.015965
0.47046062 2.5821466 8.254609
0.7721301 3.0466216 8.091804
0.9876082 3.5206735 8.249821
0.8487445 3.822343 8.158841
0.6667852 3.927688 8.359954
0.06823475 3.678691 8.953716
-0.40581718 3.357868 9.403826
-0.5542577 3.0992942 10.275315
-0.4201824 2.883816 11.730989
-0.2621651 3.0609868 13.421296
-0.62129533 4.238934 12.616844
0.073023155 5.2444987 9.097368
0.51355624 3.4584243 10.821193
0.09696517 1.0929531 15.020623
-1.2150574 -0.8463503 15.336658
-2.421735 0.1592144 10.251373
-0.7793127 2.4145525 6.880337
0.7625532 3.2908301 7.569867
-0.7410054 1.7345991 8.743026
-1.5598224 0.7769185 8.69993
-1.1192893 0.9540894 8.115746
-0.8846575 1.3754689 7.2634096
-0.78410107 1.7010803 6.4062853
-0.6931214 1.887828 6.071097
-0.51595044 1.8543092 7.105392
-0.37708676 1.6867151 8.230667
-0.34356794 1.8495208 8.379107
-0.09935937 2.2661119 8.000824
-0.2621651 2.5438392 8.245032
-0.48722005 3.0753522 8.393473
-0.6691794 3.3626564 8.3408
-0.61171854 3.515885 8.393473
-0.7745243 3.3913867 8.585009
-0.6835446 3.252523 9.0016
-0.30047232 3.453636 9.308058
-0.046686932 3.7840357 9.379884
0.33638534 4.167108 9.485229
0.6572084 4.368221 9.973646
0.46567222 3.9755719 10.912173
0.16879122 3.3243492 11.889007
0.24540567 2.9460652 11.917738
-0.089782566 3.525462 11.137228
1.1695676 3.693056 8.714295
1.9596541 2.7641058 9.054273
2.3235726 0.724246 14.455591
0.59974754 -1.435324 17.94155
-0.6691794 -0.91338795 12.918514
0.22146365 0.61411273 7.7183075
1.6053122 1.2509704 7.1245456
2.778471 1.1456255 9.834782
2.0602105 0.8583213 10.663176
1.1312603 1.3036429 9.308058
0.676362 1.9548657 7.057508
0.48003745 2.2709002 5.5778913
0.3842694 2.409764 4.8021703
0.24540567 2.0506337 5.2810106
0.30286652 1.6436194 6.9425864
0.48003745 1.3467385 8.719084
0.6476316 1.4520833 9.513959
0.5614403 1.5334862 10.088568
0.17836803 1.7633295 9.576208
0.22625206 2.2517467 8.666411
0.676362 2.835932 8.245032
0.81522566 3.228581 8.254609
0.78649527 3.6020765 7.9529395
0.3890578 3.8127663 7.972093
0.09696517 3.8175547 8.3551655
0.044292733 3.582923 9.6767645
