-0.7278373 0.7565677 9.404425
-0.4405331 0.7278373 9.509769
-0.4405331 0.7278373 9.509769
-0.7469909 1.091756 9.337387
-0.60333884 0.94810385 8.8777
-0.81402856 1.2258313 8.801085
-0.7182605 1.1779473 9.088389
-0.8523358 1.1109096 9.576807
-0.7661445 0.92895025 9.634268
-0.79487497 0.90021986 9.490616
-0.7086837 0.93852705 9.442732
-0.61291564 1.0055647 9.414001
-0.58418524 0.9864111 9.3182335
-0.63206923 0.9576807 9.404425
-0.38307226 0.79487497 9.576807
-0.45968673 0.9768343 9.414001
-0.63206923 1.1109096 9.346964
-0.545878 0.79487497 9.260772
-0.5650316 0.8810662 9.165004
-0.48841715 1.2354081 9.14585
-0.32561144 1.2162545 9.126697
-0.40222588 0.9959879 9.337387
-0.25857377 0.8714894 9.605537
-0.18195933 0.93852705 9.519346
-0.21068975 1.9440918 9.385271
0.06703765 1.7429788 9.174581
-0.40222588 1.6376339 9.088389
-0.45010993 1.7908629 9.050082
0.18195933 1.4748282 9.212888
0.15322891 1.2449849 9.260772
0.19153613 1.5801731 9.155427
0.40222588 2.087744 9.136273
0.20111294 2.5378537 8.848969
-0.05746084 2.078167 8.992621
-0.038307227 1.6472107 9.308656
0.06703765 1.6663644 8.992621
0.08619126 1.7046716 9.232041
0.08619126 1.7046716 9.232041
-0.047884032 2.0590134 9.251195
-0.06703765 1.9440918 9.203311
0.10534488 1.7142484 9.203311
0.33518824 1.2066777 9.174581
0.0 2.078167 9.050082
-0.02873042 1.7525556 8.954314
0.019153614 1.6280571 9.078813
0.05746084 1.4939818 9.222465
0.1436521 1.4748282 9.375694
-0.18195933 1.1587936 9.126697
-0.009576807 1.3599066 9.461885
0.12449849 1.5897499 9.490616
0.038307227 1.6376339 9.404425
0.038307227 1.5705963 9.251195
0.06703765 1.7238252 9.11712
0.21068975 1.685518 8.916007
0.34476504 1.6376339 8.829816
0.545878 1.5035586 8.925584
0.4405331 1.541866 8.743625
0.34476504 1.5514427 8.561666
0.31603462 1.6376339 8.686164
0.15322891 1.8962077 8.848969
0.06703765 2.078167 8.7053175
-0.17238252 2.3942018 8.264784
-0.40222588 2.6431987 8.322245
-0.46926352 2.585738 8.916007
-0.6703765 2.087744 9.059659
-0.33518824 2.0494366 9.500193
-0.18195933 2.078167 9.548077
0.02873042 2.2697031 9.203311
-0.30645782 2.3558946 8.983045
-0.18195933 2.2409728 8.647857
0.17238252 2.7964275 8.724471
0.48841715 2.7389667 8.724471
0.8810662 2.4899697 8.954314
0.8810662 2.4899697 8.954314
0.22026655 2.6623523 8.619126
-0.18195933 2.633622 8.39886
-0.31603462 2.633622 8.561666
-0.50757074 2.1164744 8.561666
-0.60333884 1.8962077 8.552089
-0.51714754 2.2409728 8.781932
-0.25857377 2.384625 9.059659
-0.05746084 2.3750482 9.050082
-0.05746084 2.5570073 8.992621
0.06703765 2.5091233 8.90643
0.17238252 2.3750482 8.887277
-0.047884032 2.873042 9.500193
0.009576807 2.8921957 9.662998
-0.06703765 2.4516625 9.002198
-0.40222588 2.6719291 9.14585
-0.06703765 2.4133554 9.414001
0.21068975 2.2888567 9.911995
0.21068975 2.1068976 10.342952
0.08619126 1.982399 10.764331
0.009576807 1.9249382 11.224017
-0.02873042 1.388637 11.291056
0.4213795 0.58418524 11.262324
0.18195933 0.5746084 11.587936
-0.038307227 0.842759 12.095507
0.25857377 0.6512229 11.827356
0.51714754 0.22984336 10.6877165
0.62249243 -0.076614454 9.5385
0.7661445 -0.05746084 9.030929
0.7661445 0.19153613 9.308656
0.545878 -0.39264908 10.093954
0.7757214 -0.6607997 10.0748005
0.82360536 -0.7661445 9.615114
0.60333884 -0.31603462 8.887277
0.38307226 0.23942018 8.101978
0.49799395 0.23942018 7.335834
0.49799395 0.58418524 7.335834
0.7278373 0.7565677 6.9240313
1.0821792 0.9959879 7.1251445
1.1013328 1.3120226 7.326257
0.6991069 1.4939818 7.843405
0.23942018 1.2354081 8.408437
0.08619126 0.91937345 8.839393
0.18195933 0.94810385 9.021352
0.49799395 1.388637 9.136273
0.6607997 1.9728222 9.212888
0.7757214 1.9440918 9.509769
0.641646 1.5035586 9.9790325
0.2777274 1.3024458 10.7356
0.5267244 0.9576807 11.482592
1.2449849 1.0534488 12.076353
1.5801731 1.3024458 12.220005
1.1013328 1.541866 11.760319
0.2873042 1.4269443 10.668563
-0.1340753 1.2354081 9.730036
-0.19153613 1.091756 9.32781
-0.23942018 0.63206923 8.916007
-0.22026655 0.0 8.485051
0.05746084 -0.4405331 8.571242
0.30645782 -0.5363012 9.356541
0.6607997 -0.6703765 10.295067
1.3024458 -0.9672575 11.070788
1.3694834 -0.6991069 11.195287
0.9864111 -0.2873042 10.342952
0.61291564 0.095768064 8.734048
0.4405331 0.39264908 7.153875
0.2777274 0.6703765 6.1195793
0.2873042 1.1013328 5.9280434
0.6512229 1.2449849 6.0716953
0.7086837 1.4939818 6.435614
0.60333884 1.6663644 7.029376
0.58418524 1.5131354 7.73806
0.58418524 1.5131354 7.73806
0.22026655 1.7238252 8.599973
-0.06703765 1.9728222 9.14585
-0.37349546 2.0398598 9.481039
-0.5363012 1.9057846 9.749189
-0.095768064 1.5035586 9.940725
0.49799395 1.1683705 10.611102
0.545878 0.8523358 11.243171
0.095768064 0.9768343 11.549629
-0.1436521 1.3790601 11.712435
0.25857377 0.9672575 11.674128
0.6895301 0.93852705 11.453861
0.7565677 1.0534488 11.204864
0.8523358 1.0151415 10.658986
0.7661445 0.40222588 10.113108
0.46926352 -0.2777274 10.228029
0.7469909 -0.7469909 10.409989
0.9672575 -0.7757214 10.658986
1.0630256 -0.2873042 10.218452
0.90979666 0.22984336 9.308656
0.545878 0.5650316 8.39886
0.15322891 0.8523358 7.3645644
-0.009576807 1.13964 6.5026517
-0.11492168 1.5514427 5.9184666
-0.11492168 1.7429788 5.6407394
-0.06703765 1.6376339 5.48751
-0.11492168 1.6663644 5.9280434
-0.12449849 1.8866309 6.943185
0.2873042 2.078167 7.8146744
0.7469909 2.2888567 8.42759
0.5554548 2.480393 8.762778
0.47884035 2.5570073 9.14585
0.19153613 2.3654714 9.643845
-0.095768064 2.0973208 10.515334
-0.24899697 1.3599066 11.654974
0.17238252 0.7278373 12.5264635
0.17238252 0.7278373 12.5264635
0.02873042 0.9576807 12.861651
0.33518824 1.3790601 12.650962
0.641646 1.5035586 12.689269
-0.10534488 1.3599066 12.53604
-0.60333884 0.30645782 11.9614315
-0.7757214 0.076614454 10.94629
-1.0821792 -0.20111294 9.816227
-1.0726024 -0.21068975 9.14585
-0.9959879 -0.10534488 8.896853
-1.13964 0.48841715 8.896853
-0.89064306 -0.63206923 8.762778
-0.7182605 -0.06703765 8.073248
-1.0055647 0.6512229 7.2687964
-0.93852705 0.9672575 6.540959
-0.82360536 0.92895025 6.167464
-0.63206923 0.45010993 5.8801594
-0.41180268 0.91937345 6.6750345
-0.22984336 1.0630256 6.6271505
-0.12449849 1.5035586 7.153875
-0.22026655 1.685518 7.603985
-0.21068975 2.0207062 8.331821
-0.31603462 1.9728222 8.858546
-0.21068975 1.7429788 9.3182335
0.095768064 1.5897499 9.615114
0.16280572 1.3120226 10.457873
0.41180268 1.1492168 11.022904
0.40222588 0.7374141 11.549629
0.23942018 0.641646 12.229582
0.37349546 0.545878 12.689269
0.6703765 0.63206923 12.488156
0.8619126 0.641646 11.9135475
0.5363012 0.39264908 11.281479
0.2681506 -0.18195933 10.754754
0.19153613 -0.8619126 10.601525
0.19153613 -0.8619126 10.1226845
0.45968673 -1.0726024 10.1226845
0.7565677 -0.79487497 9.126697
0.8810662 -0.38307226 8.149862
0.8810662 0.18195933 7.7189064
0.6799533 0.60333884 7.7667904
0.47884035 0.6703765 7.5082164
0.2777274 0.7469909 6.8569937
0.19153613 1.1971009 6.253655
0.24899697 1.4173675 5.851429
0.2873042 1.5610195 5.5641246
-0.02873042 1.733402 6.0046577
0.24899697 1.541866 6.885724
0.7565677 1.8291701 8.073248
0.5267244 2.1547816 9.011775
0.4213795 2.6144683 9.548077
0.8331822 2.1452048 10.611102
1.4748282 1.0247183 11.626244
1.2737153 0.58418524 12.947843
1.043872 1.1013328 13.321339
0.8331822 1.9536686 13.215993
1.13964 1.9919758 12.50731
1.043872 2.030283 12.660539
1.13964 1.4460979 12.401965
0.842759 0.2681506 11.779472
0.35434186 -0.6512229 10.860099
0.38307226 -1.2545617 10.25676
0.6895301 -1.2641385 9.672575
0.91937345 -0.90979666 8.868123
0.78529817 -0.2777274 8.063671
0.5650316 0.37349546 7.326257
0.50757074 0.7182605 6.655881
0.51714754 0.8810662 6.0046577
0.50757074 0.9768343 5.659893
0.6991069 1.1109096 5.5641246
0.94810385 1.283292 5.6407394
0.94810385 1.283292 5.6407394
0.94810385 1.6950948 5.659893
0.8714894 2.2218192 6.042965
0.63206923 2.4229321 7.067683
0.6895301 2.5187001 8.197746
0.90979666 2.1643584 9.136273
1.3120226 2.0590134 9.854534
1.4748282 2.2026656 10.783484
1.8579005 1.7621324 11.990162
1.8674773 1.2258313 12.976573
1.541866 0.9576807 13.560759
1.8962077 0.7757214 13.244724
2.2888567 1.1109096 12.229582
2.1164744 1.4460979 11.415554
1.6663644 0.4213795 11.118672
2.030283 -0.91937345 11.032481
2.1260512 -1.5035586 10.6877165
1.7142484 -0.93852705 10.390836
1.3694834 -0.59376204 9.816227
1.0726024 -0.16280572 9.030929
0.8523358 0.545878 7.785944
0.641646 1.436521 6.2345014
0.34476504 2.0015526 4.7405195
0.31603462 2.4229321 3.8881836
0.40222588 2.585738 3.7732618
0.60333884 2.5091233 4.1276035
0.94810385 2.384625 5.3438582
1.2545617 2.4612393 6.9240313
1.4460979 2.480393 8.169016
1.6759412 2.3463178 8.647857
1.6089035 2.384625 8.887277
1.7142484 1.9728222 9.720459
1.6567876 1.5514427 11.080365
1.6184803 0.7086837 12.469003
1.7429788 0.51714754 13.733141
1.5035586 0.51714754 14.326903
1.5035586 0.90979666 14.326903
1.6759412 0.8331822 14.116213
1.685518 0.61291564 13.426683
1.4077905 -0.019153614 12.315774
1.043872 -0.8523358 11.15698
1.1971009 -1.5131354 10.649409
1.6567876 -1.388637 10.228029
1.7238252 -1.0151415 9.586384
1.5801731 -0.59376204 8.513782
0.94810385 -0.1340753 7.8050976
0.5554548 0.16280572 7.5848308
0.24899697 0.18195933 7.441179
0.25857377 0.24899697 7.1730285
0.46926352 0.7278373 6.5984197
0.6991069 1.091756 5.659893
0.78529817 1.4748282 5.046977
0.59376204 2.0111294 5.2863975
0.15322891 2.087744 6.3302693
0.4405331 1.6663644 7.5465236
0.7182605 1.436521 8.829816
0.6991069 1.5993267 9.998186
0.8714894 1.541866 10.821792
1.3120226 1.283292 11.300632
1.5897499 1.3215994 11.779472
1.2162545 1.5514427 12.421119
1.3694834 1.0534488 12.708423
1.7621324 1.0726024 12.440272
1.9536686 1.388637 11.980585
2.0590134 1.1109096 11.204864
2.2122424 -0.23942018 10.400413
2.078167 -1.091756 10.208876
1.8195933 -1.2449849 10.218452
1.8866309 -1.1683705 9.892841
1.934515 -0.38307226 8.896853
1.4460979 0.48841715 7.6710224
1.4460979 0.48841715 7.6710224
1.0726024 1.1683705 6.694188
0.61291564 1.3694834 6.205771
0.5267244 1.2737153 5.755661
0.5650316 1.3120226 5.305551
0.7469909 1.6567876 5.0182467
0.61291564 1.8770541 5.2480903
0.48841715 1.6759412 6.129156
0.90021986 1.5610195 7.038953
1.3599066 1.8387469 7.642292
1.7812861 2.0973208 8.312668
2.2218192 1.982399 9.471462
2.3175871 1.7238252 10.907983
2.2601264 1.1779473 12.306197
2.3080103 0.50757074 13.244724
2.078167 0.48841715 13.666103
1.9440918 0.50757074 13.292608
1.8004397 0.545878 12.813767
1.6567876 0.35434186 12.239159
1.3503298 -0.21068975 11.87524
1.3982137 -0.79487497 11.683704
1.532289 -0.9959879 12.191275
2.0015526 -0.8714894 11.798626
1.9632454 -0.842759 10.400413
1.2258313 -0.047884032 8.552089
0.7374141 0.2873042 6.8665705
0.22026655 0.34476504 5.899313
0.12449849 0.45010993 5.592855
0.24899697 0.6512229 5.6886234
0.58418524 1.0055647 5.6886234
0.7565677 1.3120226 5.6982
0.6991069 1.6663644 5.8322754
0.39264908 1.6759412 6.349423
0.18195933 1.484405 6.991069
0.2777274 1.13964 7.4986396
0.5363012 1.0534488 8.121132
0.5363012 1.0534488 8.121132
0.5267244 1.043872 8.7053175
0.90021986 1.0151415 9.490616
1.1779473 0.8810662 10.726024
1.4460979 0.2777274 11.9135475
1.4269443 0.18195933 12.545617
1.7142484 0.33518824 12.737153
2.0590134 0.6512229 12.928689
1.7238252 0.60333884 13.273455
1.4652514 -0.59376204 13.388376
1.8291701 -2.0973208 13.22557
2.327164 -2.1068976 12.516887
2.4995465 -1.292869 11.252748
2.5378537 -0.7182605 9.749189
2.4516625 -0.11492168 8.781932
1.9249382 0.51714754 8.015787
1.1971009 0.6895301 6.9623384
0.62249243 0.842759 5.650316
0.40222588 0.8714894 4.4340615
0.5267244 1.13964 3.8881836
0.40222588 1.4173675 4.2999864
0.51714754 1.283292 5.3342814
0.45010993 1.1683705 6.751649
0.5554548 0.93852705 7.73806
0.8523358 1.0821792 8.159439
0.7278373 1.6280571 8.6095495
0.81402856 1.8770541 8.983045
0.8523358 1.6663644 9.730036
0.90979666 1.3120226 10.496181
0.8810662 0.93852705 11.712435
0.8714894 0.62249243 12.871228
0.9576807 0.5554548 13.426683
1.1971009 0.7278373 13.024457
1.283292 1.3024458 12.555194
1.2737153 1.5801731 11.60709
1.2641385 1.091756 10.97502
1.2641385 1.091756 10.97502
1.1779473 -0.1436521 10.228029
1.3024458 -1.0151415 10.180145
1.7046716 -1.1300632 10.572795
1.6567876 -0.842759 10.448297
1.6472107 -0.6895301 9.931149
0.82360536 -0.08619126 8.762778
0.61291564 0.08619126 7.4986396
0.4405331 0.25857377 6.588843
0.25857377 0.4405331 6.196194
0.4309563 0.58418524 5.9567738
0.50757074 0.82360536 5.659893
0.35434186 1.2354081 5.21936
0.22984336 1.6472107 5.21936
0.17238252 1.8674773 5.889736
0.32561144 1.8674773 7.029376
0.25857377 2.336741 8.485051
0.2777274 2.585738 9.892841
0.34476504 2.3750482 10.783484
0.6991069 1.733402 11.137826
1.1683705 1.340753 11.166556
1.1204864 1.3790601 11.798626
0.93852705 1.3215994 12.469003
1.3503298 1.0534488 13.034034
1.5897499 1.3790601 13.101071
1.4748282 1.484405 12.852075
1.2737153 0.4405331 11.9614315
1.5514427 -0.7757214 11.061212
2.2697031 -1.3790601 10.70687
2.384625 -1.1587936 10.850522
1.7142484 -1.1300632 10.563218
1.1300632 -1.1300632 9.490616
0.63206923 -0.45968673 7.872135
0.33518824 0.23942018 6.2345014
0.1436521 0.6895301 5.094861
0.038307227 1.0726024 4.596867
0.038307227 1.0726024 4.596867
0.18195933 1.5131354 4.4723687
0.41180268 1.6950948 4.501099
0.4309563 1.8866309 5.00867
0.4309563 2.087744 5.995081
0.63206923 2.2888567 7.0102224
0.51714754 2.480393 7.967903
1.1683705 2.078167 8.619126
1.091756 2.1930888 9.337387
1.0151415 2.5378537 10.065224
1.2162545 2.384625 11.224017
1.1300632 1.5227122 12.4785795
0.9576807 0.9864111 13.752295
0.60333884 0.545878 14.384364
0.545878 -0.009576807 13.934254
0.22026655 0.20111294 13.2351465
0.47884035 -0.08619126 12.469003
0.7374141 -0.45968673 11.683704
1.1492168 -0.4405331 11.3964
1.2162545 -0.7374141 10.793061
1.3311762 -0.48841715 10.342952
1.5610195 0.047884032 9.299079
1.1300632 0.5363012 8.0924015
0.82360536 0.92895025 6.83784
0.5650316 1.0630256 5.9663506
0.40222588 1.13964 5.6215854
0.24899697 1.3311762 5.755661
0.4405331 1.2545617 6.0046577
0.59376204 1.1683705 5.889736
0.6991069 1.2449849 5.7269306
0.5267244 1.5801731 6.3111157
0.32561144 1.8770541 7.0581064
0.7469909 1.4748282 7.9008656
0.5746084 1.1683705 8.90643
0.9959879 0.7565677 10.084377
0.9959879 0.7565677 10.084377
1.3024458 0.4405331 10.94629
1.5131354 -0.009576807 11.760319
1.5897499 0.11492168 11.779472
2.0590134 -0.15322891 11.84651
1.7142484 -0.35434186 12.77546
0.29688102 -0.6799533 14.058752
-0.2681506 -1.3311762 14.5567465
0.30645782 -2.4037786 13.417107
1.8100165 -1.8579005 11.654974
2.384625 -0.7278373 9.643845
2.3942018 0.17238252 8.169016
1.9536686 0.6703765 7.7667904
1.3599066 0.62249243 7.3645644
0.9768343 0.59376204 6.8569937
0.8523358 0.6512229 5.841852
0.60333884 0.7757214 4.8745947
0.38307226 0.8331822 4.3957543
0.49799395 1.0055647 4.673482
0.6799533 1.0342951 5.506664
0.9576807 1.0055647 6.6846113
1.3311762 1.1013328 7.6614456
1.7429788 1.5610195 8.331821
1.8195933 1.8291701 9.107543
1.7717092 1.5035586 10.0748005
1.484405 0.81402856 11.626244
0.9959879 -0.02873042 13.369223
0.58418524 -0.61291564 14.489709
0.90021986 -0.41180268 14.192827
1.0055647 -0.095768064 12.717999
1.283292 0.06703765 11.33894
1.4077905 0.48841715 11.425131
1.4077905 -0.5554548 11.319786
1.4269443 -1.2258313 11.032481
1.0630256 -0.9959879 11.042058
0.90979666 -0.842759 10.333375
0.90979666 -0.842759 10.333375
0.545878 -0.8810662 9.184157
0.45968673 -0.7182605 7.8146744
0.48841715 -0.009576807 6.694188
0.545878 0.5554548 5.8705826
0.6512229 0.8331822 5.497087
0.6991069 0.90979666 5.9567738
0.91937345 0.7661445 6.5122285
1.1683705 0.7565677 6.6750345
1.4652514 0.8523358 6.339846
1.532289 1.1013328 6.0046577
1.6280571 1.4652514 6.3781533
1.7046716 1.4652514 7.4028716
1.7908629 0.90979666 9.021352
1.9249382 0.22026655 10.323798
1.8770541 -0.20111294 11.089942
1.9919758 -0.29688102 11.386824
1.8483237 -0.2681506 11.87524
1.9632454 -0.2777274 12.5743475
2.3175871 -0.2873042 12.679692
2.0015526 0.20111294 12.239159
1.2258313 0.30645782 11.990162
0.33518824 0.009576807 11.60709
0.4309563 -0.93852705 11.329363
1.283292 -1.0726024 10.620679
1.9632454 -0.33518824 9.701305
2.432509 0.2873042 8.686164
2.327164 0.62249243 8.0445175
1.8100165 0.8714894 7.73806
1.283292 0.92895025 7.192182
0.9576807 0.8810662 6.540959
0.39264908 0.92895025 5.765238
0.0 0.80445176 5.21936
-0.45010993 0.90979666 5.1140146
-0.5267244 0.90021986 5.746084
-0.5267244 0.90021986 5.746084
-0.34476504 0.8810662 6.933608
0.16280572 0.9672575 7.843405
0.49799395 1.388637 8.39886
1.0342951 1.5035586 9.11712
1.3024458 1.5610195 10.065224
1.5610195 1.4460979 11.147403
1.6759412 1.1492168 12.047623
1.685518 1.13964 12.74673
1.3311762 1.340753 12.842498
1.1587936 0.93852705 12.545617
1.0151415 0.9768343 12.306197
0.6512229 0.78529817 12.421119
0.5746084 -0.019153614 12.373235
0.6895301 -0.82360536 11.951855
1.091756 -1.685518 11.022904
1.2354081 -1.7621324 10.0748005
1.1013328 -1.5705963 9.442732
1.1683705 -1.340753 8.762778
0.7661445 -0.9768343 8.226477
0.4309563 -0.60333884 7.699753
0.19153613 -0.21068975 6.9719152
-0.076614454 0.17238252 6.205771
-0.11492168 0.41180268 5.650316
-0.1436521 0.7086837 5.363012
0.0 1.1204864 5.45878
0.12449849 1.4173675 5.650316
0.095768064 1.5705963 6.0238113
0.22026655 1.8962077 6.655881
0.20111294 1.8579005 7.680599
0.25857377 1.6663644 8.839393
0.62249243 1.1683705 10.170568
1.0726024 0.62249243 11.425131
0.90979666 0.6703765 12.50731
0.48841715 1.0630256 13.005303
0.6991069 0.81402856 13.034034
0.6991069 0.81402856 13.034034
1.043872 0.37349546 13.273455
0.8523358 0.62249243 13.570335
0.8619126 0.32561144 13.417107
1.1013328 -0.40222588 12.449849
1.6089035 -1.1492168 11.434708
1.6759412 -1.1587936 10.515334
1.340753 -1.1109096 9.643845
1.1587936 -0.8331822 8.695741
0.8331822 -0.30645782 8.0445175
0.08619126 0.10534488 7.776367
-0.4309563 0.37349546 7.3166804
0.10534488 0.35434186 5.9567738
0.19153613 0.9768343 4.6926355
0.10534488 1.436521 4.10845
-0.18195933 2.2218192 4.357447
-0.02873042 2.3558946 4.663905
-0.06703765 2.5187001 5.602432
0.47884035 2.0973208 6.8091097
0.93852705 2.327164 7.536947
0.39264908 2.1452048 8.781932
1.0726024 1.982399 10.199299
-0.1340753 2.0494366 11.434708
0.46926352 1.1013328 12.066776
1.0055647 0.78529817 12.804191
1.3982137 0.32561144 14.84405
2.7102363 0.94810385 14.930242
1.6663644 1.7046716 14.5088625
0.82360536 2.1739352 12.995727
0.46926352 1.3120226 11.473015
-0.12449849 0.02873042 10.141838
0.19153613 -0.9959879 8.772355
0.61291564 -1.436521 8.561666
1.1300632 -1.1875241 8.973468
1.2641385 -0.91937345 9.442732
1.2641385 -0.91937345 9.442732
1.1492168 -0.8331822 9.414001
0.8619126 -0.59376204 8.523358
0.58418524 -0.24899697 7.479486
0.32561144 0.2681506 6.655881
0.2681506 0.60333884 5.947197
0.4213795 0.842759 5.765238
0.48841715 1.1779473 5.6407394
0.4309563 1.2641385 5.592855
0.36391866 1.7238252 5.9184666
0.2681506 2.087744 6.943185
0.10534488 2.183512 8.580819
0.50757074 2.0973208 9.481039
1.1204864 1.7621324 9.643845
1.388637 1.5131354 9.816227
1.6089035 1.091756 10.400413
1.2258313 1.0630256 11.473015
1.5035586 0.59376204 12.344504
2.1643584 0.076614454 12.641385
1.8579005 0.45010993 12.919112
1.0342951 0.5267244 12.995727
0.33518824 -0.22026655 12.631808
0.59376204 -1.2162545 12.038046
1.7046716 -1.6663644 11.568783
2.4037786 -1.1013328 10.984597
2.528277 -0.48841715 9.825804
2.327164 0.047884032 8.599973
1.7142484 0.60333884 7.785944
1.1109096 0.7278373 7.1634517
0.58418524 0.6799533 6.5696893
0.38307226 0.641646 5.793968
0.4309563 0.8714894 5.0182467
0.45010993 1.1683705 4.6926355
0.41180268 1.5610195 4.9799395
0.33518824 1.8291701 5.90889
0.5363012 1.9919758 6.933608
0.5363012 1.9919758 6.933608
0.842759 2.078167 7.680599
1.1587936 2.2122424 7.8529816
1.0726024 2.5187001 8.025364
1.1971009 2.5761611 8.571242
1.5131354 2.1930888 9.9790325
1.6184803 1.292869 12.210428
2.030283 0.32561144 14.374787
2.1068976 0.095768064 15.284584
2.327164 0.35434186 15.131354
2.231396 0.4213795 14.135366
2.2026656 0.0 12.832921
2.0015526 -0.7469909 11.60709
1.7908629 -1.3120226 10.658986
1.5993267 -1.6089035 10.28549
1.5227122 -1.5993267 9.902418
1.3311762 -1.3694834 9.241618
0.8714894 -0.90979666 8.207323
0.641646 -0.50757074 6.943185
0.46926352 -0.019153614 6.157887
0.37349546 0.2681506 5.755661
0.34476504 0.48841715 5.5641246
0.4213795 0.63206923 5.5737014
0.5267244 0.7374141 5.5258174
0.62249243 0.9672575 5.45878
0.641646 1.388637 5.6215854
0.6895301 1.9057846 6.3302693
1.0247183 1.9919758 7.4507556
1.3790601 1.685518 8.418014
1.8004397 1.292869 9.500193
1.982399 1.2066777 10.812215
2.2601264 0.9672575 12.076353
2.2218192 0.6991069 12.871228
2.1068976 0.30645782 12.852075
2.3750482 0.21068975 12.5743475
2.3750482 0.21068975 12.670115
1.9249382 0.7374141 12.670115
1.0342951 0.34476504 12.660539
0.2777274 -1.2162545 12.641385
1.0630256 -2.777274 12.287044
2.0015526 -2.4995465 11.36767
2.3942018 -1.3982137 10.199299
2.7006595 -0.6607997 9.346964
2.4612393 -0.15322891 8.973468
2.078167 0.15322891 8.523358
1.5131354 0.30645782 7.9391727
1.1875241 0.50757074 7.0102224
0.8331822 0.7565677 5.9184666
0.80445176 1.0821792 5.0757074
0.82360536 1.388637 4.644751
0.7565677 1.5897499 4.7405195
0.6703765 1.6376339 5.4683566
1.1204864 1.5897499 6.493075
1.292869 1.5897499 7.5848308
1.5897499 1.6567876 8.39886
1.4556746 1.7429788 8.954314
1.2641385 1.733402 9.3182335
1.1492168 1.6089035 9.959879
1.091756 1.13964 10.97502
1.4460979 0.6703765 11.980585
1.388637 0.62249243 13.120225
1.532289 0.63206923 13.67568
1.733402 0.4213795 13.627796
1.9249382 0.47884035 12.899959
1.532289 0.6895301 11.894394
1.13964 0.4405331 10.6398325
0.94810385 0.076614454 10.323798
1.2449849 -0.4213795 10.218452
1.1779473 -0.41180268 9.950302
1.1013328 -0.32561144 9.165004
0.7374141 -0.05746084 7.8146744
0.7374141 -0.05746084 7.8146744
0.4213795 0.2777274 6.540959
0.24899697 0.5554548 5.861006
0.23942018 0.92895025 5.631162
0.50757074 1.0726024 5.497087
0.5650316 1.3311762 5.267244
0.45010993 1.4556746 5.410896
0.17238252 1.6089035 6.291962
0.33518824 1.5514427 7.393295
0.6512229 1.484405 8.331821
0.9768343 1.5705963 8.973468
0.8810662 1.6759412 9.615114
0.89064306 1.5035586 10.381259
1.043872 0.92895025 11.377247
1.4269443 0.22984336 12.08593
1.340753 0.32561144 12.53604
0.8810662 0.94810385 12.5743475
1.13964 0.9864111 12.181698
1.1875241 1.2258313 11.60709
1.1204864 0.9959879 11.243171
1.1300632 0.38307226 11.013328
1.5897499 -0.5746084 11.21444
1.8195933 -0.94810385 11.233594
1.9440918 -0.9768343 10.553641
1.9440918 -0.79487497 9.423578
1.8100165 -0.21068975 8.408437
1.7429788 0.41180268 7.9104424
1.5514427 0.8810662 7.4124484
1.2162545 1.1204864 6.588843
0.8810662 1.3311762 5.6790466
0.81402856 1.3790601 4.7979803
0.7469909 1.5035586 4.453215
0.59376204 1.7142484 4.8841715
0.641646 1.7046716 5.707777
0.7565677 1.8291701 6.8186865
1.1109096 1.9440918 7.97748
1.1109096 1.9440918 7.97748
1.436521 1.9536686 9.165004
1.8004397 1.8004397 10.01734
2.0111294 1.8100165 10.984597
2.1739352 1.7621324 12.373235
2.1643584 1.1971009 13.752295
2.3750482 1.043872 14.451402
2.8921957 0.9768343 13.761871
2.8060043 1.4460979 12.603078
2.432509 1.1971009 11.377247
1.5801731 0.2681506 10.553641
1.1492168 -1.0055647 10.084377
1.0821792 -1.685518 10.189722
1.4077905 -1.8100165 10.01734
1.5801731 -1.4173675 9.32781
1.4269443 -0.81402856 8.762778
1.13964 -0.34476504 8.2169
0.9864111 -0.02873042 7.5944076
0.8331822 0.21068975 6.8186865
0.8619126 0.5267244 6.1866174
0.9864111 0.89064306 5.650316
1.0247183 1.0726024 5.3247046
1.0151415 1.1683705 5.2480903
0.93852705 1.3120226 5.650316
0.90979666 1.3982137 6.445191
1.1587936 1.484405 7.441179
1.4556746 1.6280571 8.63828
1.7812861 1.3694834 9.854534
1.8195933 0.81402856 10.97502
2.183512 0.25857377 11.836933
2.2026656 0.62249243 12.53604
2.2697031 0.91937345 12.641385
2.3463178 1.1683705 12.29662
1.982399 1.388637 11.722012
1.388637 1.1109096 11.099519
1.0342951 0.19153613 10.362105
1.0342951 0.19153613 10.362105
1.3982137 -0.9864111 10.46745
2.030283 -1.3215994 11.377247
2.7102363 -1.2737153 11.511322
2.9783869 -0.842759 10.658986
2.2505496 -0.047884032 9.088389
1.532289 0.545878 7.5944076
0.89064306 0.6895301 6.493075
0.45968673 0.8619126 5.8226986
0.545878 1.2066777 5.506664
0.7757214 1.5993267 5.171476
0.7469909 2.0111294 4.9799395
0.90021986 2.087744 5.315128
1.1300632 1.9632454 6.291962
1.4556746 1.8483237 7.632715
2.0590134 1.9728222 8.647857
1.8004397 2.5474305 9.442732
1.2641385 2.4899697 10.218452
0.58418524 1.5514427 11.405977
0.62249243 0.22026655 12.871228
1.1492168 -0.81402856 14.144943
1.5131354 -0.51714754 15.045163
2.135628 -0.45010993 14.518439
1.9153614 -0.29688102 12.717999
1.5897499 -0.4309563 10.553641
1.292869 -0.7278373 8.896853
1.292869 -1.340753 8.791509
1.5131354 -1.4173675 9.615114
1.3024458 -1.3694834 10.448297
1.13964 -1.3599066 10.43872
0.7565677 -0.94810385 9.481039
0.40222588 -0.25857377 7.5944076
0.32561144 0.36391866 5.861006
0.19153613 1.0821792 4.7788267
0.1340753 1.6184803 4.405331
0.06703765 1.6089035 4.280833
0.1340753 1.292869 4.6160207
0.1340753 1.292869 4.6160207
0.4405331 1.3024458 5.4300494
0.49799395 1.6950948 6.9048777
0.49799395 1.9536686 8.293514
0.7374141 1.7812861 9.586384
1.1109096 1.1204864 10.553641
0.9576807 0.7757214 11.243171
1.0534488 0.33518824 11.626244
1.0151415 0.24899697 12.354081
1.1587936 0.33518824 13.034034
1.6759412 0.15322891 12.98615
1.7717092 0.41180268 12.411542
1.4939818 0.5267244 11.616667
1.2354081 -0.39264908 11.109096
1.8674773 -1.8291701 10.936713
2.2026656 -2.2122424 10.898406
2.4612393 -2.0111294 10.563218
2.5953147 -1.9440918 10.04607
2.0973208 -1.685518 9.595961
1.6472107 -1.5035586 9.193734
1.1013328 -1.1013328 8.465898
0.62249243 -0.45010993 7.2304893
0.06703765 0.24899697 5.755661
0.0 0.7086837 4.3382936
-0.1436521 0.9959879 3.8881836
-0.36391866 1.436521 4.213795
-0.17238252 1.436521 5.1906295
-0.095768064 1.3694834 6.5696893
0.63206923 1.2066777 7.728483
1.1971009 1.3024458 8.791509
1.3503298 1.4269443 9.883265
1.2545617 1.2545617 11.128249
1.1013328 0.51714754 12.401965
1.5801731 -0.17238252 13.244724
1.4077905 -0.1340753 13.838486
1.1683705 0.46926352 13.292608
1.1683705 0.46926352 13.292608
0.91937345 1.0055647 12.440272
-0.19153613 1.5705963 11.492168
-0.019153614 1.0055647 10.840945
-0.2777274 -0.46926352 9.672575
0.02873042 -1.8962077 9.519346
0.9576807 -2.3175871 10.352529
1.436521 -2.2218192 11.348516
1.8866309 -1.9728222 11.118672
1.6280571 -1.3694834 9.940725
0.9768343 -0.50757074 8.0924015
0.7086837 0.047884032 6.2823853
0.6703765 0.4405331 5.0182467
0.35434186 1.0247183 4.55856
0.35434186 1.1204864 4.5872903
0.39264908 1.1204864 5.046977
0.5363012 1.2545617 5.803545
0.7661445 1.4556746 6.83784
0.92895025 1.5131354 7.9870567
0.9672575 1.3694834 9.289502
1.0821792 1.1683705 10.486604
1.1779473 0.8523358 11.310209
1.0726024 0.33518824 11.473015
1.2641385 0.33518824 11.568783
0.93852705 0.7469909 12.066776
1.3790601 0.50757074 12.172121
1.532289 0.80445176 11.779472
1.2641385 0.93852705 11.204864
0.8331822 0.38307226 11.118672
0.62249243 -0.90021986 11.664551
1.2258313 -2.327164 11.712435
1.7908629 -2.1164744 11.118672
1.8579005 -1.0821792 9.662998
1.982399 -0.30645782 8.1402855
1.5897499 0.23942018 7.4507556
1.5897499 0.23942018 7.4507556
1.0151415 0.34476504 7.345411
0.6512229 0.22026655 7.029376
0.51714754 0.33518824 6.2823853
0.47884035 0.7469909 5.267244
0.63206923 1.2354081 4.711789
0.50757074 1.6950948 4.8937483
0.19153613 1.6663644 5.717354
0.6607997 1.2449849 6.847417
1.3120226 1.1779473 8.39886
1.8674773 1.283292 9.662998
1.7621324 1.6184803 10.793061
1.4939818 1.388637 11.329363
1.1875241 0.79487497 11.693281
1.0726024 0.46926352 11.884817
1.2737153 0.8331822 12.277467
1.3694834 1.0726024 12.095507
0.9576807 1.4173675 11.319786
0.17238252 1.3503298 10.563218
-0.095768064 0.2777274 10.247183
-0.8331822 -0.7278373 10.113108
0.08619126 -1.13964 9.940725
0.18195933 -1.3599066 9.883265
0.641646 -1.4269443 10.611102
1.0630256 -1.3215994 10.429143
0.7278373 -0.9672575 9.921572
0.31603462 -0.8523358 9.184157
-0.15322891 -0.6512229 8.7532015
-0.08619126 -0.5554548 8.101978
-0.038307227 -0.2873042 7.07726
-0.047884032 0.019153614 5.841852
0.06703765 0.60333884 5.535394
-0.16280572 0.9864111 6.2345014
0.11492168 1.0247183 7.0102224
0.6991069 0.93852705 7.469909
0.6799533 1.1013328 7.929596
0.6799533 1.1013328 7.929596
0.7086837 1.0534488 8.63828
0.6703765 0.45010993 10.04607
0.9768343 -0.20111294 11.463438
1.1875241 -0.22026655 12.650962
0.79487497 0.1436521 12.976573
0.6512229 0.18195933 12.162544
0.8523358 0.29688102 11.070788
0.90979666 0.7086837 10.658986
0.90021986 0.40222588 10.898406
1.283292 -0.7469909 11.252748
1.6663644 -1.685518 11.042058
2.0973208 -1.685518 10.381259
1.9728222 -1.1971009 9.883265
1.6950948 -0.8331822 9.375694
1.0534488 -0.5363012 8.686164
0.49799395 0.1436521 7.4986396
0.047884032 0.5363012 6.215348
-0.11492168 0.58418524 4.999093
-0.22984336 0.6512229 4.2425256
-0.41180268 0.9959879 4.3287168
-0.46926352 1.1683705 4.9799395
-0.10534488 1.1109096 6.215348
0.6991069 0.9768343 7.1634517
1.292869 1.0726024 7.651869
1.5801731 1.3215994 8.331821
1.3694834 1.3503298 9.346964
0.9864111 0.641646 11.233594
1.043872 -0.6512229 13.101071
1.13964 -0.7278373 14.279019
0.81402856 0.48841715 14.834474
1.1587936 0.7661445 14.585477
1.0055647 1.1683705 14.595054
0.8523358 0.7469909 14.709975
1.2449849 -0.6799533 13.771448
1.2449849 -0.6799533 13.771448
1.1013328 -1.2449849 12.047623
0.8619126 -1.8004397 10.649409
0.51714754 -1.7812861 9.442732
0.20111294 -1.4748282 8.868123
0.009576807 -1.091756 8.485051
-0.19153613 -0.7374141 7.73806
-0.23942018 -0.45010993 6.6175733
-0.29688102 -0.11492168 5.602432
-0.24899697 0.17238252 4.8841715
-0.11492168 0.38307226 4.453215
-0.076614454 0.5267244 4.4340615
0.15322891 0.6895301 4.8937483
0.50757074 1.0055647 5.48751
0.46926352 1.4652514 6.033388
0.18195933 1.8962077 6.933608
0.35434186 1.4077905 8.073248
0.7182605 0.90979666 9.548077
1.4939818 0.39264908 11.042058
1.8674773 0.20111294 11.865664
1.6472107 0.5363012 12.258312
1.6567876 0.31603462 12.11466
1.7621324 -0.06703765 11.81778
1.4939818 0.0 11.654974
0.7278373 -0.08619126 12.0571995
0.19153613 -0.82360536 13.168109
0.6512229 -2.4037786 13.8480625
1.5705963 -2.7868507 13.158532
1.9057846 -1.091756 11.501745
1.9919758 -0.095768064 9.442732
1.8770541 0.4405331 7.7093296
1.2066777 0.9864111 6.5026517
0.78529817 1.1875241 5.535394
0.49799395 1.1109096 4.6255975
0.1436521 1.0726024 3.9360676
-0.30645782 1.0726024 4.232949
-0.30645782 1.0726024 4.232949
-0.6895301 1.2354081 5.7269306
-0.81402856 1.1683705 7.4986396
-0.1436521 0.7086837 8.37013
0.7278373 0.37349546 8.418014
0.8714894 0.79487497 8.63828
0.7278373 1.4460979 9.931149
0.7278373 1.043872 11.501745
1.091756 0.06703765 12.11466
0.46926352 0.7086837 12.172121
-0.15322891 1.6567876 12.363658
-0.21068975 1.4460979 12.239159
-0.1340753 0.63206923 11.444284
-0.30645782 0.35434186 10.955867
-0.18195933 -0.38307226 11.319786
0.20111294 -1.5897499 11.81778
1.043872 -1.9536686 12.105083
1.1109096 -1.5035586 11.377247
1.13964 -1.2449849 9.998186
0.6607997 -0.93852705 8.494628
0.06703765 -0.8714894 7.489063
-0.32561144 -0.6895301 7.1155677
-0.23942018 -0.31603462 6.83784
0.02873042 0.22026655 6.540959
0.51714754 0.5650316 6.0621185
0.5650316 0.6991069 5.631162
0.47884035 0.7757214 5.3438582
0.40222588 0.89064306 5.6120086
0.50757074 1.0342951 6.2345014
0.6512229 1.13964 6.9527617
0.7182605 1.1109096 7.7667904
0.37349546 0.8619126 8.66701
0.095768064 0.10534488 10.390836
0.5363012 -0.7469909 12.449849
0.9576807 -0.8523358 14.317327
0.9576807 -0.8523358 14.317327
0.8619126 -0.06703765 14.958972
1.388637 -0.18195933 14.288596
1.4077905 0.009576807 13.340492
1.283292 -0.38307226 13.053187
1.1492168 -1.340753 12.919112
1.3982137 -2.2601264 12.488156
1.7525556 -2.327164 11.702858
1.8674773 -1.6376339 10.199299
1.6089035 -0.90021986 8.532935
1.2354081 -0.17238252 7.086837
0.82360536 0.5363012 6.1387334
0.30645782 1.043872 5.48751
0.05746084 1.2354081 4.9703627
-0.038307227 1.1971009 4.548983
-0.009576807 1.1971009 4.357447
-0.019153614 1.1683705 4.7022123
-0.06703765 1.0821792 5.7748146
0.095768064 0.9864111 6.981492
0.36391866 1.0534488 7.747637
0.6799533 1.0630256 8.178593
0.6895301 0.8331822 8.772355
0.60333884 0.4213795 10.093954
0.31603462 0.019153614 11.626244
0.35434186 -0.33518824 12.861651
0.79487497 -0.18195933 13.627796
1.283292 0.21068975 13.723564
1.9057846 -0.02873042 13.177686
1.9153614 -0.095768064 13.110648
1.7621324 -0.5746084 13.694834
1.7621324 -1.6280571 13.723564
1.7429788 -2.078167 12.593501
1.3790601 -1.5131354 11.15698
1.3982137 -1.1779473 9.576807
1.1013328 -0.6895301 8.169016
0.41180268 -0.6895301 7.1347213
0.41180268 -0.1436521 7.1347213
-0.29688102 0.29688102 6.5696893
-0.48841715 0.5267244 5.9184666
-0.47884035 0.49799395 5.104438
-0.038307227 0.22026655 4.4436383
0.12449849 0.5746084 4.3861775
0.1436521 0.9672575 4.9224787
0.11492168 1.1013328 5.793968
0.2681506 0.6512229 6.3206925
0.5650316 0.17238252 6.540959
0.2777274 0.7182605 7.3071036
0.009576807 1.043872 9.356541
0.24899697 0.4405331 11.540052
1.340753 -0.80445176 12.861651
1.0630256 -0.36391866 13.263878
0.6703765 0.2873042 13.330915
0.45010993 0.22984336 13.263878
1.436521 -0.11492168 12.641385
1.3120226 0.32561144 11.798626
1.1109096 -0.047884032 11.405977
0.9959879 -1.1683705 10.936713
1.1971009 -2.0494366 10.869676
1.4748282 -2.2026656 10.898406
1.6280571 -1.6663644 9.9790325
1.532289 -0.6991069 8.580819
1.2066777 0.095768064 7.383718
0.7086837 0.8619126 6.6846113
0.076614454 0.9672575 6.5122285
-0.19153613 0.90979666 6.205771
-0.30645782 0.9672575 5.755661
-0.2681506 1.0151415 5.2959743
-0.076614454 1.2449849 5.2768207
0.038307227 1.484405 6.0716953
0.25857377 1.3982137 7.3549876
0.8619126 0.8331822 8.552089
1.13964 0.4213795 9.576807
1.13964 0.4213795 9.576807
0.7086837 0.37349546 10.505757
0.45968673 0.16280572 11.224017
0.47884035 -0.20111294 11.923124
0.6607997 -0.34476504 12.430696
0.6799533 0.08619126 12.880805
0.89064306 0.20111294 12.717999
1.1300632 -0.047884032 12.162544
0.5650316 0.10534488 12.0093155
0.41180268 -0.63206923 12.325351
0.45010993 -1.6950948 12.076353
1.091756 -1.5131354 11.3964
1.283292 -1.0342951 10.67814
1.2354081 -0.8714894 9.787497
1.0342951 -0.9672575 8.686164
0.39264908 -0.7757214 7.422025
-0.1436521 -0.49799395 6.4643445
-0.46926352 -0.24899697 5.899313
-0.61291564 0.038307227 5.8322754
-0.45010993 0.095768064 5.8705826
0.08619126 0.095768064 5.506664
0.2777274 0.5650316 5.2289367
0.5746084 1.2545617 5.6120086
0.51714754 1.6663644 6.4260373
0.5554548 1.5514427 7.345411
0.89064306 1.283292 8.1881695
1.1779473 1.1013328 9.021352
1.1875241 1.091756 9.940725
1.292869 0.7469909 11.224017
1.3215994 0.02873042 12.382812
1.1204864 -0.545878 13.187263
0.78529817 -0.7182605 12.832921
0.63206923 -0.25857377 12.248735
0.4309563 0.2681506 11.741165
0.2681506 -0.35434186 11.884817
0.047884032 -1.5705963 11.87524
0.047884032 -1.5705963 11.87524
0.37349546 -2.9017725 11.84651
0.7278373 -3.217807 11.63582
0.91937345 -2.7389667 10.716447
0.93852705 -1.9728222 9.615114
0.90021986 -1.2258313 8.954314
0.5746084 -0.78529817 8.523358
0.2777274 -0.61291564 8.236053
0.15322891 -0.23942018 7.536947
0.06703765 0.35434186 6.483498
0.038307227 0.93852705 5.2959743
-0.095768064 1.3120226 4.654328
-0.22984336 1.3790601 4.9224787
-0.25857377 1.532289 5.947197
0.20111294 1.3599066 7.4028716
0.641646 1.0726024 8.513782
0.80445176 1.484405 9.021352
0.63206923 1.6759412 9.155427
0.49799395 1.3599066 9.270349
0.50757074 0.6512229 10.007763
0.7565677 0.11492168 10.984597
0.6991069 0.4213795 11.654974
1.0342951 0.20111294 11.702858
1.13964 -0.16280572 12.076353
0.842759 -0.6799533 13.570335
0.48841715 -1.7525556 14.097059
0.7086837 -2.3463178 13.024457
0.34476504 -1.4748282 11.923124
0.58418524 -1.2449849 10.840945
0.5363012 -1.4269443 10.1226845
0.50757074 -1.3694834 9.260772
0.5746084 -0.8523358 8.446744
0.59376204 -0.19153613 7.5082164
0.5746084 0.29688102 6.5696893
0.17238252 0.7565677 5.861006
-0.10534488 0.93852705 5.401319
-0.10534488 0.93852705 5.401319
-0.12449849 1.0534488 5.0661306
-0.12449849 1.2066777 4.9320555
0.047884032 1.4460979 5.315128
-0.047884032 1.8004397 6.2728086
-0.019153614 1.8579005 7.52737
-0.009576807 1.7046716 8.90643
0.009576807 1.1779473 10.04607
0.11492168 0.6607997 11.042058
-0.095768064 0.545878 11.664551
0.2681506 0.19153613 12.018892
0.2681506 0.10534488 12.325351
0.37349546 -0.16280572 12.440272
0.6512229 -0.21068975 12.11466
0.45968673 0.34476504 11.568783
0.11492168 0.6799533 11.559206
-0.038307227 0.076614454 11.587936
0.2777274 -0.9672575 11.559206
0.90979666 -1.7621324 10.984597
1.292869 -1.4556746 9.998186
1.5610195 -0.8331822 9.002198
1.8195933 -0.40222588 8.532935
1.6567876 -0.1340753 8.762778
1.1109096 -0.02873042 8.992621
0.545878 -0.25857377 8.6095495
0.18195933 -0.47884035 7.422025
-0.019153614 0.076614454 6.0046577
-0.06703765 0.63206923 5.0374002
-0.21068975 1.0055647 4.8937483
-0.1436521 0.90021986 5.3247046
0.019153614 1.0055647 5.9663506
0.10534488 1.1492168 6.196194
0.12449849 1.2162545 6.2632318
0.047884032 1.4077905 7.192182
0.31603462 1.2449849 8.7053175
0.5363012 0.82360536 10.093954
0.5363012 0.82360536 10.093954
0.641646 0.39264908 11.291056
0.9672575 0.17238252 12.028469
0.90979666 0.4213795 12.660539
1.0055647 0.5746084 13.215993
1.3311762 0.6512229 13.321339
1.0247183 0.7278373 13.148955
0.51714754 0.8523358 13.685257
0.24899697 0.51714754 13.790602
-0.076614454 0.21068975 12.641385
-0.1436521 -0.21068975 10.67814
-0.25857377 -0.91937345 9.279925
0.29688102 -1.4269443 8.465898
0.47884035 -1.4652514 8.025364
0.59376204 -1.283292 7.9966335
0.58418524 -1.13964 7.9870567
0.49799395 -0.9864111 7.824251
0.38307226 -0.6991069 7.393295
0.34476504 -0.2777274 7.019799
0.33518824 0.24899697 6.7229185
0.2681506 0.5746084 6.167464
-0.009576807 0.7278373 5.7748146
0.009576807 0.8810662 5.717354
-0.009576807 1.2258313 6.0621185
0.18195933 1.6950948 7.019799
0.36391866 1.982399 7.97748
0.4213795 1.9919758 8.647857
0.29688102 1.5897499 8.983045
0.19153613 0.8714894 9.892841
0.20111294 0.11492168 11.195287
0.19153613 -0.22026655 12.449849
-0.1436521 -0.16280572 13.005303
0.1436521 -0.35434186 12.727576
0.45968673 -0.33518824 12.248735
0.25857377 -0.02873042 12.26789
0.25857377 -0.02873042 12.26789
-0.02873042 -0.50757074 12.430696
-0.15322891 -1.5610195 12.0571995
0.47884035 -2.4899697 11.204864
1.436521 -2.3558946 10.28549
2.0973208 -1.5993267 9.730036
2.2409728 -0.9576807 9.595961
2.030283 -0.7278373 9.394848
1.532289 -0.6895301 9.030929
0.91937345 -0.51714754 8.226477
0.58418524 -0.21068975 7.0485296
0.24899697 0.2777274 5.889736
0.22026655 0.6799533 5.2385135
0.15322891 0.92895025 5.1810527
0.076614454 0.9672575 5.583278
-0.02873042 0.842759 6.3111157
-0.08619126 0.8331822 7.086837
0.019153614 0.90979666 7.747637
0.12449849 1.1587936 8.331821
0.095768064 1.4748282 8.963891
0.17238252 1.532289 9.289502
0.1340753 1.4556746 9.557653
0.0 1.0821792 9.892841
0.06703765 0.4213795 10.7356
0.019153614 -0.05746084 11.9614315
0.23942018 -0.8714894 12.966996
0.38307226 -1.5131354 14.259866
0.4213795 -1.6567876 15.370775
0.5554548 -1.982399 14.422671
0.095768064 -0.9864111 12.095507
0.038307227 -0.60333884 9.299079
-0.545878 -0.91937345 8.063671
-0.60333884 -1.6759412 8.236053
-0.21068975 -2.3463178 9.375694
0.047884032 -2.5761611 10.160992
0.38307226 -2.5761611 10.007763
0.38307226 -2.4420857 10.007763
0.21068975 -1.6759412 9.270349
0.076614454 -0.9864111 8.073248
-0.047884032 -0.5746084 6.8569937
-0.1436521 -0.24899697 6.0238113
-0.16280572 -0.038307227 5.5737014
-0.1340753 0.16280572 5.2863975
-0.21068975 0.18195933 5.3438582
-0.41180268 0.1436521 6.0238113
-0.24899697 0.095768064 7.1251445
-0.18195933 0.22984336 8.121132
-0.12449849 0.59376204 8.791509
-0.21068975 0.9672575 9.126697
-0.19153613 1.091756 9.32781
0.21068975 1.0821792 9.77792
1.0630256 0.9576807 10.333375
1.283292 1.0247183 10.850522
0.90979666 0.8714894 11.281479
0.47884035 1.0151415 11.722012
0.6799533 0.9864111 12.354081
0.22984336 0.9768343 13.512875
-0.7278373 -0.6991069 13.733141
-0.8331822 -2.8060043 12.679692
-0.33518824 -3.4284968 11.386824
0.9576807 -2.9496565 10.218452
1.6663644 -2.1547816 9.662998
1.7717092 -1.8387469 9.682152
1.3790601 -1.7142484 9.56723
0.7661445 -1.5227122 8.896853
0.1340753 -1.2737153 7.699753
-0.1436521 -1.1683705 6.799533
-0.2681506 -0.8810662 6.3111157
-0.18195933 -0.63206923 6.339846
0.0 -0.40222588 6.6654577
0.095768064 -0.076614454 6.933608
0.095768064 -0.076614454 6.933608
0.019153614 0.17238252 6.9719152
-0.21068975 0.49799395 6.799533
-0.019153614 0.842759 6.6654577
0.29688102 1.3599066 6.6846113
0.59376204 1.9536686 6.742072
0.6512229 2.566584 7.28795
0.7086837 2.6048915 8.24563
0.49799395 2.1260512 9.126697
0.46926352 1.1875241 9.931149
0.45010993 0.2777274 11.3964
0.5554548 -0.45968673 13.445837
0.45968673 -1.3120226 14.824897
0.41180268 -1.8962077 15.2367
0.2681506 -1.8770541 14.911088
-0.2681506 -1.8100165 13.551182
-0.5267244 -1.5227122 11.3964
-0.6512229 -1.1971009 9.414001
-0.6607997 -1.4748282 8.580819
-0.45010993 -2.0207062 8.619126
-0.34476504 -2.1930888 9.021352
-0.12449849 -2.1643584 9.107543
0.25857377 -1.934515 8.695741
0.17238252 -1.484405 7.967903
0.23942018 -1.091756 7.28795
0.31603462 -0.7374141 7.07726
0.48841715 -0.40222588 7.1826053
0.545878 -0.21068975 6.9719152
0.41180268 -0.05746084 6.5026517
0.21068975 0.076614454 6.1770406
0.05746084 0.11492168 6.1387334
0.1340753 0.32561144 6.4643445
0.11492168 0.7278373 7.0006456
0.21068975 0.7182605 7.632715
0.1340753 0.7469909 8.552089
-0.1436521 0.7469909 9.212888
-0.1436521 0.7565677 9.212888
-0.37349546 0.8331822 9.950302
0.076614454 0.4213795 10.783484
0.48841715 0.08619126 11.616667
0.7374141 -0.06703765 12.191275
0.6799533 -0.22984336 12.143391
0.62249243 0.0 12.133814
0.5746084 0.22984336 13.034034
0.038307227 -0.22026655 13.627796
-0.06703765 -1.4652514 13.110648
0.06703765 -2.825158 11.626244
0.7469909 -3.064578 10.46745
1.7812861 -2.5091233 9.854534
1.9728222 -1.8195933 9.576807
1.6280571 -1.4269443 8.983045
0.8619126 -1.1875241 8.1881695
0.019153614 -0.9959879 7.4603324
-0.48841715 -0.9672575 6.7229185
-0.545878 -0.5554548 6.167464
-0.45010993 -0.11492168 5.841852
-0.48841715 0.15322891 5.8226986
-0.58418524 0.22026655 6.2728086
-0.4213795 0.2681506 6.493075
-0.33518824 0.45010993 6.789956
-0.20111294 0.60333884 7.067683
-0.02873042 1.2449849 7.2304893
0.30645782 1.9249382 7.7189064
0.4405331 2.4037786 8.695741
0.7374141 2.078167 9.672575
0.49799395 1.6280571 10.170568
0.38307226 1.0821792 10.534488
0.41180268 0.46926352 11.204864
0.39264908 -0.05746084 12.53604
0.49799395 -0.9864111 13.867216
0.1436521 -1.4173675 14.757859
0.1436521 -1.4173675 14.757859
0.06703765 -1.6567876 14.451402
-0.12449849 -1.292869 13.330915
-0.21068975 -0.8810662 11.779472
-0.24899697 -0.94810385 10.25676
-0.16280572 -1.5131354 9.155427
-0.31603462 -1.6663644 8.590396
-0.1340753 -1.6472107 8.255207
0.076614454 -1.4077905 7.9104424
-0.038307227 -1.0247183 7.517793
-0.21068975 -0.6895301 7.2592196
-0.49799395 -0.38307226 6.8665705
-0.6895301 -0.30645782 6.3685765
-0.5267244 -0.08619126 5.899313
-0.41180268 0.4405331 5.6982
-0.2873042 0.89064306 5.5737014
-0.36391866 1.4939818 5.8801594
-0.49799395 1.7908629 6.7612257
-0.50757074 1.8674773 8.24563
-0.20111294 1.9440918 10.093954
0.095768064 1.1875241 11.616667
0.45968673 0.4405331 12.248735
0.46926352 0.21068975 12.133814
0.6703765 -0.2681506 12.411542
0.61291564 -0.46926352 12.890382
0.46926352 -0.49799395 13.187263
0.45010993 -0.6799533 13.062764
0.076614454 -0.29688102 12.650962
-0.6512229 -0.23942018 12.0093155
-1.0630256 -0.91937345 11.262324
-0.61291564 -1.733402 10.457873
0.51714754 -1.9728222 9.816227
1.3694834 -1.6472107 9.682152
1.7238252 -1.283292 9.423578
1.5227122 -1.1779473 8.868123
1.0247183 -0.9672575 7.9487495
1.0247183 -0.9672575 7.9487495
0.51714754 -0.641646 7.0102224
0.24899697 -0.4213795 6.1004257
-0.047884032 -0.076614454 5.4779334
-0.22026655 0.22984336 5.2480903
-0.35434186 0.46926352 5.2289367
-0.32561144 0.58418524 5.2002063
-0.06703765 0.7661445 5.4204726
-0.076614454 1.1683705 6.1866174
0.0 1.5801731 7.8529816
0.0 1.2545617 8.983045
0.19153613 1.2258313 9.509769
0.25857377 0.9864111 9.595961
0.038307227 0.7182605 10.208876
1.3311762 0.38307226 11.492168
1.1204864 0.41180268 10.927136
0.7661445 0.51714754 11.348516
0.90021986 0.19153613 12.382812
0.62249243 -0.35434186 13.263878
0.6512229 -0.81402856 13.426683
0.19153613 -0.8619126 13.694834
0.19153613 -1.5801731 13.455414
0.58418524 -2.327164 12.29662
1.0821792 -2.1547816 10.802638
1.1587936 -1.4269443 9.701305
0.9576807 -0.7374141 8.887277
0.39264908 -0.5267244 8.025364
0.095768064 -0.7469909 7.297527
-0.25857377 -0.7086837 6.6271505
-0.4405331 -0.24899697 6.0621185
-0.45010993 0.20111294 5.3342814
-0.2873042 0.7086837 5.161899
-0.095768064 0.8523358 5.305551
-0.019153614 0.79487497 5.4779334
-0.15322891 0.78529817 5.6120086
-0.4213795 1.0151415 5.889736
-0.4213795 1.0151415 5.889736
-0.17238252 0.7374141 6.0716953
-0.41180268 0.63206923 6.5026517
-0.5363012 0.6607997 7.9870567
0.24899697 0.10534488 10.371682
0.78529817 -0.61291564 12.861651
0.92895025 -1.0151415 14.777013
0.34476504 -0.47884035 15.466543
0.4405331 -0.2873042 15.016433
0.8523358 -0.076614454 14.231135
0.842759 0.19153613 13.656527
0.7278373 -0.8523358 13.081918
1.436521 -2.2026656 12.315774
1.8195933 -2.4229321 11.750742
2.0398598 -2.2218192 10.726024
1.7908629 -1.6376339 9.433155
1.340753 -0.8619126 8.0445175
0.79487497 -0.12449849 6.3685765
0.16280572 0.4309563 4.8937483
-0.31603462 0.7565677 3.7349546
-0.6799533 0.89064306 2.9592333
-0.842759 1.0821792 2.920926
-0.60333884 1.1204864 3.572149
-0.2873042 1.2354081 4.606444
0.21068975 1.388637 5.813122
0.5363012 1.685518 7.326257
0.6799533 1.8195933 9.720459
0.8619126 1.1109096 12.258312
1.1204864 0.24899697 14.393941
1.0151415 0.08619126 15.370775
1.3311762 0.45968673 15.08347
1.5514427 1.0247183 14.173674
1.484405 1.2641385 13.22557
1.4173675 0.63206923 12.229582
0.7757214 0.47884035 11.109096
0.7757214 0.47884035 11.109096
0.32561144 -0.35434186 9.959879
0.34476504 -1.6089035 9.050082
0.58418524 -2.1547816 9.222465
1.2258313 -1.7238252 9.528923
1.6567876 -1.5610195 9.260772
1.3311762 -1.2066777 8.523358
0.5267244 -0.7278373 7.536947
-0.10534488 -0.35434186 6.531382
-0.5554548 -0.02873042 5.765238
-0.60333884 0.095768064 5.363012
-0.38307226 0.20111294 5.094861
-0.15322891 0.51714754 5.1523223
0.038307227 1.0534488 5.7748146
0.20111294 1.5035586 7.0006456
0.30645782 1.5227122 8.1402855
0.34476504 1.13964 8.801085
0.4309563 0.8331822 9.557653
0.5746084 0.7565677 10.515334
0.7661445 0.61291564 11.63582
0.8714894 0.2777274 12.74673
1.0534488 -0.009576807 13.474567
0.8331822 0.047884032 13.302185
0.7757214 0.076614454 12.689269
0.29688102 0.24899697 12.181698
0.11492168 -0.6512229 11.942278
0.47884035 -2.078167 12.047623
0.80445176 -2.8060043 12.028469
1.0821792 -2.5570073 10.94629
1.0630256 -1.4748282 9.346964
1.2354081 -0.45010993 7.6231384
1.1492168 0.45968673 6.540959
0.79487497 1.0821792 5.8801594
0.4213795 1.2162545 5.6982
0.25857377 1.3694834 5.4204726
0.038307227 1.6184803 5.0278234
0.038307227 1.6184803 5.0278234
0.05746084 1.8195933 4.5777135
0.19153613 1.6567876 5.0374002
0.545878 1.3790601 6.655881
0.89064306 1.340753 8.7532015
0.80445176 1.1779473 10.160992
0.6991069 0.7661445 10.505757
1.0630256 0.48841715 11.022904
0.78529817 0.80445176 12.382812
0.91937345 0.78529817 13.781025
0.5746084 0.47884035 14.164097
0.7278373 0.095768064 13.378799
0.90979666 0.10534488 12.248735
0.6703765 -0.31603462 11.57836
0.7661445 -1.733402 11.18571
0.6512229 -2.7102363 11.310209
0.7661445 -2.9592333 12.11466
1.4077905 -2.7006595 11.87524
1.5035586 -1.9919758 10.793061
0.6991069 -1.1683705 9.289502
0.25857377 -0.8619126 7.651869
0.047884032 -0.5267244 6.1100025
-0.05746084 0.009576807 4.9799395
0.08619126 0.60333884 4.414908
0.25857377 1.0726024 4.185065
0.25857377 1.4652514 4.271256
0.019153614 1.6280571 4.6255975
-0.34476504 1.7142484 5.21936
-0.7565677 1.9249382 6.167464
-1.2162545 2.384625 8.034941
-0.8331822 2.2218192 9.500193
0.06703765 1.532289 9.902418
0.59376204 1.1013328 10.46745
0.91937345 0.90021986 11.137826
0.7661445 0.81402856 12.411542
0.7661445 0.81402856 12.411542
0.6703765 0.7565677 13.168109
1.043872 0.4309563 13.081918
1.3599066 0.2873042 12.172121
0.9768343 0.16280572 11.63582
0.1340753 -0.78529817 11.923124
-0.2681506 -2.2505496 12.794614
-0.20111294 -3.1507695 13.2351465
0.6512229 -2.9975405 12.220005
0.9864111 -1.4652514 10.362105
1.1779473 -0.32561144 8.868123
1.0342951 0.30645782 7.9966335
0.6512229 0.545878 7.441179
0.2681506 0.59376204 6.6846113
-0.047884032 0.6703765 6.0046577
-0.095768064 0.7374141 5.21936
-0.10534488 1.1013328 4.663905
0.076614454 1.3694834 4.8745947
0.19153613 1.4269443 5.707777
0.45010993 1.6567876 6.540959
0.48841715 1.9919758 7.3166804
0.2777274 2.0685902 7.575254
0.50757074 1.685518 8.149862
0.7661445 1.2354081 9.56723
1.0247183 0.7757214 11.444284
1.1300632 0.2873042 13.120225
0.9959879 -0.22026655 13.9151
0.78529817 -0.39264908 13.905523
0.90021986 -0.61291564 13.88637
0.58418524 -0.23942018 13.67568
0.19153613 -0.38307226 12.765883
-0.19153613 -0.91937345 11.128249
-0.05746084 -1.0247183 10.314221
0.22984336 -1.4269443 9.797073
0.5267244 -1.5131354 9.921572
0.6512229 -1.5131354 9.940725
0.6512229 -1.4077905 9.940725
0.79487497 -1.1683705 9.078813
0.5267244 -0.61291564 7.8050976
0.4213795 -0.21068975 6.742072
0.45010993 0.12449849 6.38773
0.30645782 0.36391866 6.5696893
0.23942018 0.39264908 6.9527617
0.11492168 0.4405331 7.1347213
0.02873042 0.6607997 6.9623384
-0.22026655 1.1492168 6.655881
-0.23942018 1.5897499 6.540959
-0.2873042 1.8674773 6.751649
-0.22984336 1.9249382 7.1347213
-0.15322891 1.8004397 7.7189064
-0.038307227 1.3599066 8.360553
0.2681506 0.9768343 9.050082
0.641646 0.60333884 10.113108
0.842759 0.16280572 11.511322
0.9768343 -0.34476504 12.708423
1.1300632 -1.0821792 13.493721
0.8810662 -0.6895301 14.030022
0.038307227 -0.1340753 14.202404
-0.4213795 -0.41180268 13.541605
-0.5363012 -1.0630256 12.430696
-0.2873042 -1.6663644 11.463438
0.61291564 -1.8962077 10.927136
1.0534488 -1.4077905 10.764331
1.2737153 -0.9959879 10.323798
1.4077905 -0.51714754 9.586384
1.2737153 -0.12449849 8.599973
0.8714894 0.076614454 7.52737
0.36391866 0.22026655 6.4164605
0.12449849 0.31603462 5.5258174
-0.16280572 0.63206923 4.855441
-0.34476504 0.9864111 4.644751
-0.34476504 0.9864111 4.644751
-0.23942018 1.1204864 5.0278234
0.019153614 1.1492168 5.93762
0.45010993 1.0534488 6.895301
0.545878 0.92895025 7.345411
0.41180268 1.2258313 7.28795
0.59376204 1.6950948 7.393295
0.6607997 1.8579005 8.082825
0.7374141 1.5801731 8.791509
0.51714754 1.3599066 9.80665
0.36391866 1.1013328 11.166556
0.1340753 0.8331822 12.804191
0.29688102 0.6991069 13.742718
1.0342951 0.5363012 13.790602
1.0726024 1.0247183 14.33648
1.1300632 0.5267244 14.709975
0.50757074 -0.36391866 14.279019
0.6512229 -1.1300632 12.421119
0.11492168 -1.1779473 10.697293
0.22984336 -1.532289 9.662998
0.39264908 -1.5897499 9.155427
0.545878 -1.2258313 8.973468
0.7374141 -0.7757214 8.418014
0.62249243 -0.51714754 7.5848308
0.2873042 -0.25857377 6.694188
0.12449849 0.076614454 5.947197
0.047884032 0.33518824 5.5641246
-0.06703765 0.60333884 5.142745
-0.15322891 0.82360536 4.8362875
-0.17238252 0.9864111 4.855441
-0.06703765 1.2545617 5.631162
-0.009576807 1.4748282 6.9240313
0.009576807 1.7142484 8.465898
0.0 1.8004397 9.691729
0.10534488 1.7429788 10.381259
0.20111294 1.7429788 10.601525
0.20111294 1.6759412 10.601525
0.45968673 1.5897499 10.5919485
0.8714894 1.3790601 10.955867
1.1683705 1.0534488 11.760319
1.1300632 0.4309563 12.258312
0.9959879 -0.06703765 12.08593
0.89064306 0.24899697 11.990162
0.6991069 0.82360536 12.038046
0.19153613 0.91937345 12.095507
0.095768064 0.019153614 11.769896
0.79487497 -1.3311762 11.310209
1.7717092 -1.8866309 10.94629
2.3942018 -1.1875241 10.419566
2.432509 -0.78529817 9.662998
2.2984335 -0.5746084 9.069236
1.7621324 -0.4213795 8.6095495
1.2162545 -0.38307226 8.073248
0.91937345 -0.33518824 7.3166804
0.6703765 -0.08619126 6.5218053
0.5267244 0.2777274 5.765238
0.37349546 0.59376204 5.439626
0.36391866 0.6607997 5.497087
0.48841715 0.6607997 5.7748146
0.61291564 0.7374141 6.1100025
0.61291564 1.0821792 6.4739213
0.4405331 1.5705963 6.8761473
0.23942018 1.9728222 7.393295
0.46926352 1.9536686 8.063671
0.5554548 1.6089035 8.983045
0.5267244 1.3599066 10.352529
0.641646 1.1204864 11.798626
0.7086837 1.1683705 13.359646
0.6607997 0.94810385 14.528016
1.5610195 -0.10534488 14.824897
1.9057846 0.16280572 14.518439
1.9057846 0.16280572 14.518439
1.340753 0.62249243 14.221559
1.1875241 0.038307227 13.158532
0.37349546 -0.48841715 11.865664
0.20111294 -1.2258313 10.409989
0.2681506 -1.5801731 9.299079
0.49799395 -1.3694834 8.820239
0.8714894 -0.82360536 8.341399
0.61291564 -0.29688102 7.8625584
0.45010993 -0.06703765 7.441179
0.29688102 0.076614454 7.019799
0.2681506 0.1436521 6.5696893
0.37349546 0.24899697 6.1387334
0.45010993 0.5267244 5.66947
0.39264908 0.7469909 5.3342814
0.22026655 1.0630256 5.6886234
0.1340753 1.2258313 6.435614
0.11492168 1.3790601 7.345411
0.19153613 1.5514427 8.236053
0.46926352 1.5514427 8.90643
0.59376204 1.4748282 9.548077
0.61291564 1.3694834 9.854534
0.50757074 1.2258313 10.28549
0.641646 0.7565677 10.850522
0.7469909 0.5363012 11.722012
0.5650316 0.47884035 12.124237
0.91937345 0.5554548 11.951855
1.13964 0.90979666 11.674128
0.7086837 0.82360536 11.444284
0.4309563 0.16280572 11.18571
0.5267244 -0.6607997 10.764331
1.3694834 -1.0630256 10.764331
2.0590134 -0.6512229 10.70687
2.3463178 -0.10534488 10.534488
2.1452048 0.25857377 10.084377
2.1452048 0.25857377 10.084377
1.7429788 0.4213795 9.509769
1.2545617 0.46926352 8.839393
0.82360536 0.47884035 7.824251
0.30645782 0.60333884 6.6654577
0.22026655 0.9672575 5.9184666
0.15322891 1.2258313 5.439626
0.11492168 1.4269443 5.1140146
0.4309563 1.3599066 5.5641246
0.22026655 1.4556746 6.205771
0.45010993 1.3120226 7.0964136
0.7565677 1.4460979 7.6710224
0.9768343 1.7238252 7.929596
0.8810662 1.9728222 8.446744
0.93852705 1.8387469 9.32781
1.1492168 1.2162545 10.802638
1.4652514 0.6703765 12.516887
1.484405 0.40222588 13.867216
1.3311762 0.39264908 14.173674
1.3215994 0.2681506 13.378799
1.0726024 0.34476504 12.583924
0.9576807 0.4405331 12.430696
0.61291564 0.1436521 12.469003
0.60333884 -0.34476504 11.894394
0.6703765 -0.7086837 11.118672
1.0055647 -1.0055647 10.170568
0.9768343 -0.90979666 9.423578
0.5267244 -0.5650316 8.801085
0.4405331 -0.47884035 8.130709
0.22984336 -0.31603462 7.632715
0.12449849 -0.2777274 7.0006456
0.05746084 -0.038307227 6.4260373
-0.02873042 0.30645782 5.813122
-0.019153614 0.51714754 5.45878
0.038307227 0.82360536 5.4683566
0.10534488 0.82360536 5.947197
0.10534488 1.2162545 5.947197
0.0 1.3694834 6.885724
-0.1436521 1.0055647 8.341399
0.06703765 0.41180268 9.3182335
0.29688102 0.37349546 10.70687
0.5650316 0.61291564 11.884817
0.7374141 0.545878 12.200851
0.8331822 0.36391866 11.932701
0.90979666 1.0151415 11.942278
0.29688102 1.6950948 12.373235
-0.11492168 0.41180268 13.148955
-0.17238252 -0.8810662 13.503298
0.81402856 -1.6184803 13.22557
1.8579005 -1.4460979 12.449849
1.8195933 -0.7469909 11.310209
1.6663644 -0.095768064 10.151415
1.0726024 0.1436521 8.734048
0.45010993 0.047884032 7.335834
-0.36391866 0.1436521 6.5218053
-0.49799395 0.7182605 5.6886234
-0.12449849 0.59376204 5.554548
-0.39264908 1.3120226 5.650316
-0.20111294 1.2737153 6.2823853
0.10534488 1.1300632 6.3781533
-0.019153614 1.2162545 6.090849
-0.22984336 1.5610195 5.8801594
0.4213795 1.4269443 5.6215854
0.009576807 2.432509 6.6750345
0.4213795 2.0398598 8.925584
1.685518 1.9536686 9.375694
1.0821792 2.336741 10.5440645
1.0821792 2.336741 10.5440645
-0.39264908 2.2409728 10.304645
-0.641646 2.0111294 10.965444
-0.545878 1.4460979 12.401965
-0.095768064 0.6607997 13.685257
0.36391866 0.61291564 14.346057
0.6799533 0.63206923 14.393941
0.02873042 -0.08619126 13.618219
0.038307227 -0.641646 12.210428
0.076614454 -1.0821792 11.013328
0.20111294 -1.1492168 10.496181
0.61291564 -1.13964 10.352529
0.37349546 -1.1204864 10.304645
-0.06703765 -0.94810385 9.816227
-0.2681506 -0.8523358 8.916007
-0.19153613 -0.5650316 7.97748
-0.18195933 0.038307227 7.1059904
-0.06703765 0.31603462 6.4260373
-0.08619126 0.4309563 5.813122
-0.009576807 0.5554548 5.2480903
-0.02873042 0.78529817 5.161899
0.038307227 1.091756 5.401319
0.05746084 1.3790601 5.8705826
0.19153613 1.4460979 6.531382
0.20111294 1.4173675 7.1059904
0.36391866 1.3694834 7.881712
0.63206923 1.1204864 8.8777
0.7374141 0.58418524 9.662998
0.58418524 0.02873042 10.333375
0.34476504 -0.46926352 11.118672
-0.009576807 -0.45968673 12.08593
-0.11492168 -0.15322891 12.813767
0.60333884 -0.047884032 12.679692
0.7182605 0.61291564 12.756307
0.2873042 1.0247183 12.612655
0.2873042 1.0247183 12.612655
-0.12449849 0.2873042 12.50731
0.5746084 -1.13964 12.459426
1.292869 -1.6950948 12.392388
1.8004397 -1.8483237 11.722012
2.2984335 -1.4269443 10.409989
2.183512 -0.7278373 9.097966
2.030283 -0.076614454 8.00621
1.4748282 0.15322891 7.1251445
0.9864111 -0.05746084 6.5026517
0.5650316 -0.15322891 5.9663506
0.22026655 -0.1436521 5.449203
0.21068975 0.16280572 5.094861
0.12449849 0.36391866 5.0182467
0.009576807 0.45010993 5.401319
-0.19153613 0.5267244 6.033388
0.019153614 0.7086837 6.6079965
0.4213795 1.3311762 7.067683
0.7757214 2.0398598 7.5561004
0.63206923 2.6240451 7.929596
0.24899697 2.5953147 8.39886
0.31603462 2.0111294 9.222465
0.2681506 1.2354081 10.793061
0.842759 0.38307226 13.158532
0.91937345 -0.48841715 15.591042
0.89064306 -0.9768343 16.79772
0.7374141 -1.2545617 16.232687
0.038307227 -0.9959879 15.05474
-0.19153613 -1.3311762 13.43626
-0.15322891 -1.4460979 11.779472
0.06703765 -1.5514427 10.295067
0.545878 -1.541866 9.5385
1.0151415 -1.5993267 8.973468
1.2545617 -1.3790601 8.532935
0.9768343 -0.91937345 7.8146744
0.9768343 -0.91937345 7.2113357
0.63206923 -0.46926352 7.2113357
0.2777274 -0.22026655 6.8282633
-0.009576807 -0.2681506 6.6175733
-0.095768064 -0.35434186 6.435614
0.076614454 -0.23942018 6.2249246
0.19153613 0.02873042 5.9567738
0.15322891 0.4309563 5.755661
0.18195933 0.89064306 6.0525417
0.24899697 1.2449849 6.5696893
0.4309563 1.4460979 7.038953
0.48841715 1.6759412 7.393295
0.33518824 2.0494366 7.8529816
0.40222588 2.087744 8.628703
0.62249243 1.6567876 9.56723
0.9768343 0.9864111 10.783484
1.340753 0.60333884 11.674128
0.90979666 0.93852705 11.951855
0.7565677 0.9576807 11.664551
0.81402856 0.842759 11.511322
0.5363012 1.091756 12.727576
0.21068975 -0.22984336 13.771448
0.36391866 -2.2601264 14.020445
0.80445176 -3.2082303 13.101071
1.4652514 -2.5474305 11.57836
1.8195933 -1.8291701 10.01734
1.8195933 -1.3503298 9.279925
1.5610195 -1.0151415 8.925584
1.13964 -0.7469909 8.532935
0.61291564 -0.48841715 7.6135616
0.16280572 -0.36391866 6.5984197
-0.21068975 0.038307227 5.793968
-0.22984336 0.31603462 5.391742
-0.24899697 0.7565677 5.3438582
-0.20111294 1.1109096 5.391742
-0.1340753 1.2354081 5.583278
-0.1340753 1.2354081 5.583278
-0.076614454 1.340753 6.0716953
0.009576807 1.3694834 7.1634517
0.16280572 1.5035586 8.24563
0.047884032 1.8770541 8.887277
0.08619126 2.0685902 9.653421
0.08619126 1.9632454 10.381259
0.16280572 1.5514427 11.051635
0.31603462 0.78529817 11.769896
0.36391866 0.58418524 12.440272
0.39264908 0.6799533 12.823344
0.24899697 0.6703765 12.919112
0.29688102 0.16280572 13.771448
0.19153613 -0.8523358 14.480132
0.038307227 -2.030283 13.484144
-0.50757074 -2.135628 11.300632
-0.7661445 -2.231396 9.442732
-0.51714754 -2.0973208 8.619126
-0.40222588 -2.0015526 8.523358
0.11492168 -1.8387469 8.695741
0.2777274 -1.532289 8.772355
0.32561144 -1.0821792 8.743625
0.41180268 -0.63206923 8.331821
0.4405331 -0.31603462 7.5561004
0.45968673 -0.08619126 6.655881
0.33518824 0.076614454 5.793968
0.22984336 0.22984336 5.2289367
0.30645782 0.4309563 5.209783
0.39264908 0.5554548 5.861006
0.19153613 0.59376204 7.3166804
0.22026655 0.24899697 8.7532015
0.11492168 0.11492168 9.797073
-0.23942018 0.05746084 10.065224
-0.31603462 0.7182605 9.682152
-0.37349546 1.5705963 9.184157
-0.37349546 1.5705963 9.184157
-0.41180268 2.0973208 9.030929
-0.50757074 2.1739352 9.3182335
-0.45968673 1.9728222 9.988609
-0.36391866 1.6472107 10.582372
-0.29688102 1.8291701 11.042058
-0.16280572 2.3654714 11.434708
0.35434186 2.9400797 11.779472
0.5267244 3.2465374 11.568783
0.7565677 2.9496565 11.530476
0.7086837 2.2697031 12.105083
0.08619126 0.7757214 12.938266
-0.21068975 -1.3503298 12.430696
-0.21068975 -2.3558946 11.070788
-0.62249243 -2.27928 9.528923
-0.31603462 -1.8962077 8.389283
-0.35434186 -1.3024458 8.207323
-0.15322891 -1.2449849 8.571242
-0.06703765 -1.0342951 9.069236
0.18195933 -0.63206923 9.011775
-0.16280572 0.076614454 8.169016
-0.6512229 0.7661445 7.2209125
-1.0534488 1.1013328 6.694188
-1.5610195 1.0151415 6.655881
-1.5610195 0.51714754 7.038953
-1.3790601 0.2681506 7.2304893
-1.0055647 0.545878 7.4028716
-0.641646 0.9768343 7.642292
-0.5267244 1.283292 7.776367
-0.40222588 1.4173675 7.833828
-0.22984336 1.4077905 8.0445175
0.16280572 1.484405 8.350976
0.24899697 1.6663644 8.916007
0.25857377 1.8004397 9.682152
0.21068975 1.7238252 10.477027
0.21068975 1.7238252 10.477027
0.019153614 1.4652514 11.358093
-0.047884032 0.9576807 11.683704
-0.4309563 0.9672575 11.36767
-1.1109096 1.13964 10.850522
-2.0398598 1.0821792 10.754754
-2.6144683 0.05746084 11.789049
-2.0111294 -1.4269443 14.020445
-0.8331822 -1.8100165 14.585477
-1.5801731 -3.122039 12.334928
-1.1971009 -2.815581 10.860099
-0.7182605 -2.4516625 9.921572
-0.36391866 -1.9249382 9.9790325
0.2681506 -1.6759412 10.151415
0.02873042 -1.3024458 10.189722
0.16280572 -1.4556746 9.097966
-0.30645782 -0.8331822 7.4603324
-0.63206923 -0.11492168 6.196194
-1.0247183 0.45968673 5.985504
-1.0151415 0.4309563 6.540959
-0.5650316 0.18195933 7.335834
-0.06703765 0.21068975 7.8529816
-0.009576807 0.4309563 8.159439
0.24899697 0.61291564 8.66701
0.45010993 0.9959879 9.356541
0.51714754 1.1683705 9.797073
0.39264908 0.9864111 9.883265
0.33518824 0.7086837 9.902418
0.48841715 0.7086837 9.921572
0.78529817 0.91937345 9.854534
1.13964 1.1683705 9.691729
1.2258313 1.091756 9.299079
1.0342951 0.79487497 8.868123
0.4213795 0.7469909 9.030929
0.15322891 0.6799533 10.160992
0.29688102 0.6799533 11.616667
0.29688102 0.2873042 11.616667
0.60333884 0.48841715 12.909535
2.0015526 2.231396 12.899959
1.3215994 1.436521 11.501745
0.38307226 0.12449849 9.615114
-0.51714754 -1.5993267 9.452309
-0.7757214 -2.1068976 10.093954
0.02873042 -2.3558946 10.314221
-0.36391866 -1.934515 10.218452
-0.8714894 -1.1300632 9.011775
-1.1683705 -0.61291564 7.575254
-1.2449849 -0.33518824 6.6271505
-1.1779473 0.08619126 6.081272
-1.1971009 0.58418524 6.081272
-1.3024458 0.62249243 6.6079965
-1.1300632 0.16280572 7.383718
-0.9768343 0.009576807 8.6574335
-0.62249243 -0.05746084 9.940725
-0.35434186 -0.16280572 10.850522
-0.15322891 -0.23942018 10.907983
0.038307227 0.02873042 10.295067
-0.076614454 0.22026655 9.251195
0.19153613 0.38307226 8.6574335
0.4213795 0.6703765 8.686164
0.5267244 1.3694834 8.686164
0.60333884 1.6089035 8.983045
0.41180268 1.6184803 9.155427
0.15322891 1.3120226 9.615114
0.21068975 0.78529817 10.371682
0.39264908 0.93852705 10.716447
0.63206923 1.532289 11.109096
0.6607997 2.2122424 11.779472
0.2873042 2.1739352 12.315774
0.2873042 2.078167 12.239159
-0.40222588 2.0685902 11.731588
-0.40222588 2.0685902 11.731588
-0.9959879 1.2066777 10.984597
-1.1683705 -0.15322891 10.486604
-1.1587936 -1.4077905 9.797073
-0.46926352 -2.3750482 9.959879
-0.35434186 -2.3463178 10.888829
-0.038307227 -2.0015526 11.60709
-0.038307227 -1.8579005 11.463438
-0.19153613 -1.4173675 10.180145
-0.62249243 -0.91937345 8.504205
-0.8331822 -0.47884035 7.249643
-0.8810662 -0.34476504 6.8186865
-0.62249243 0.2681506 6.8665705
-0.12449849 0.22984336 6.751649
0.0 0.81402856 6.694188
0.11492168 0.8714894 6.5026517
0.05746084 0.93852705 6.4164605
-0.1340753 0.8810662 6.83784
-0.08619126 0.7278373 7.393295
0.076614454 0.8331822 7.929596
-0.02873042 1.3982137 8.312668
-0.019153614 1.6567876 8.7053175
-0.08619126 1.541866 8.8777
-0.05746084 1.0821792 9.3182335
0.15322891 0.5746084 9.902418
0.35434186 0.38307226 10.448297
0.15322891 0.7374141 10.850522
0.20111294 0.89064306 11.377247
0.32561144 0.61291564 12.162544
0.6607997 0.38307226 12.804191
0.62249243 0.17238252 12.947843
0.24899697 0.06703765 12.430696
0.06703765 -0.2777274 11.329363
-0.05746084 -0.61291564 9.998186
0.22026655 -0.8714894 9.126697
0.22026655 -0.8714894 9.126697
0.82360536 -0.79487497 8.935161
1.0630256 -0.37349546 9.155427
1.091756 -0.18195933 9.155427
0.9576807 0.038307227 8.66701
0.7661445 0.39264908 7.9487495
0.41180268 0.58418524 6.9623384
0.019153614 0.6607997 6.3781533
-0.15322891 0.6512229 6.1100025
-0.20111294 0.7661445 6.129156
-0.11492168 0.93852705 6.2728086
0.095768064 1.0247183 6.7324953
0.33518824 0.9672575 7.431602
0.33518824 0.90979666 8.264784
0.32561144 0.8523358 9.059659
0.29688102 0.9768343 9.634268
0.41180268 1.3694834 9.80665
0.4405331 1.7429788 9.662998
0.46926352 1.9057846 9.56723
0.36391866 1.7621324 10.141838
0.37349546 1.3311762 11.128249
0.39264908 0.63206923 12.277467
0.22026655 0.50757074 12.861651
-0.076614454 0.2873042 12.641385
-0.39264908 0.2873042 12.325351
-0.59376204 0.2681506 12.277467
-0.35434186 -0.48841715 12.152967
-0.23942018 -1.1300632 11.511322
0.047884032 -1.436521 10.860099
0.5554548 -1.4460979 10.572795
0.7565677 -1.2066777 10.304645
0.7182605 -0.91937345 9.720459
0.45010993 -0.6703765 8.829816
0.36391866 -0.5267244 7.7667904
0.35434186 -0.1436521 6.847417
0.22026655 0.2873042 6.1100025
0.1340753 0.51714754 5.899313
0.1340753 0.51714754 5.899313
0.12449849 0.61291564 5.9663506
0.20111294 0.7565677 6.1004257
0.2777274 0.90979666 6.0716953
0.1436521 1.3120226 6.215348
-0.02873042 1.8387469 7.0102224
-0.18195933 1.982399 8.063671
-0.17238252 1.9919758 8.992621
-0.05746084 1.9153614 9.787497
0.009576807 1.7046716 10.390836
0.16280572 1.3503298 10.726024
0.4309563 0.9576807 10.984597
0.5267244 0.90021986 11.252748
0.60333884 0.78529817 11.57836
1.0821792 0.33518824 11.645397
1.3982137 0.4213795 11.530476
1.3215994 0.48841715 11.540052
1.0630256 0.08619126 11.463438
0.82360536 -0.641646 10.955867
0.8810662 -1.3503298 10.400413
1.0726024 -1.4460979 9.883265
1.4939818 -1.091756 9.56723
1.4748282 -0.4405331 9.576807
1.340753 -0.10534488 9.586384
1.0821792 0.20111294 9.279925
0.8714894 0.45968673 8.379706
0.47884035 0.89064306 7.0006456
0.047884032 1.292869 5.765238
-0.2873042 1.6950948 5.161899
-0.2873042 1.8962077 4.999093
-0.08619126 1.8483237 5.2385135
0.12449849 1.7429788 6.0238113
0.24899697 1.7621324 7.383718
0.17238252 1.7717092 8.580819
0.45968673 1.8100165 9.299079
0.92895025 2.183512 9.672575
0.92895025 2.183512 9.672575
1.1013328 2.6240451 10.180145
0.91937345 2.767697 10.936713
0.58418524 2.432509 12.076353
0.63206923 1.7908629 13.359646
0.60333884 1.4173675 14.298173
0.89064306 1.091756 14.15452
0.62249243 1.0151415 12.909535
0.50757074 0.7757214 11.654974
0.18195933 0.6703765 11.089942
0.11492168 0.2777274 10.43872
-0.095768064 0.095768064 9.662998
0.019153614 -0.20111294 9.174581
0.2777274 -0.30645782 8.868123
0.5267244 -0.12449849 8.446744
0.59376204 0.2873042 7.881712
0.40222588 0.6991069 7.3645644
0.1436521 0.92895025 7.0006456
-0.06703765 0.89064306 6.5218053
-0.29688102 1.1300632 5.9184666
-0.32561144 1.5897499 5.6120086
-0.076614454 2.0398598 5.8226986
-0.019153614 2.1930888 6.205771
-0.076614454 2.4516625 6.8569937
-0.24899697 2.6623523 7.3645644
-0.50757074 3.0550013 8.00621
-0.41180268 3.074155 9.404425
-0.06703765 2.920926 11.032481
0.545878 2.480393 12.717999
1.1013328 2.0398598 13.905523
1.1204864 1.7238252 13.905523
0.80445176 1.9249382 12.583924
1.0055647 1.7142484 10.754754
1.2641385 1.388637 9.586384
1.3982137 1.0534488 9.672575
1.3982137 1.0534488 9.672575
1.7908629 -0.05746084 10.793061
1.8579005 -0.81402856 11.865664
1.8579005 -1.7238252 11.520899
1.7717092 -1.6089035 9.902418
0.93852705 -0.51714754 8.063671
0.91937345 0.49799395 6.6367273
0.6799533 1.3599066 6.090849
0.49799395 1.7429788 5.7843914
0.15322891 1.9632454 5.2289367
-0.095768064 2.0973208 4.606444
-0.2873042 2.1452048 4.3957543
-0.24899697 2.27928 5.0661306
-0.02873042 2.2026656 6.3302693
0.39264908 2.0685902 7.8146744
0.9576807 1.9728222 8.925584
1.043872 2.0015526 9.471462
0.90979666 2.0015526 10.160992
0.5267244 1.9057846 11.827356
0.45968673 1.3599066 13.742718
0.78529817 0.45010993 15.1696615
1.2545617 0.18195933 15.255854
0.79487497 0.8619126 13.733141
0.48841715 1.3790601 11.9614315
0.10534488 1.388637 10.429143
-0.05746084 0.23942018 10.04607
0.24899697 -1.436521 10.6398325
0.6895301 -2.3654714 11.501745
1.733402 -2.7485435 11.425131
1.9919758 -1.5610195 10.793061
1.292869 -0.62249243 9.500193
0.49799395 -0.36391866 8.2169
-0.10534488 -0.45010993 6.83784
-0.29688102 -0.19153613 5.7748146
-0.17238252 0.34476504 5.161899
0.11492168 0.9768343 4.9224787
0.11492168 0.9768343 4.9224787
0.10534488 1.3982137 4.903325
0.076614454 1.5227122 4.9895163
0.02873042 1.6376339 5.6120086
0.02873042 1.9728222 6.4739213
-0.21068975 2.1739352 7.73806
-0.1436521 1.8004397 9.576807
0.15322891 1.1492168 11.482592
0.4213795 0.21068975 12.77546
0.40222588 0.36391866 13.091495
0.019153614 1.5131354 13.120225
0.36391866 1.4939818 12.229582
1.1013328 0.6607997 10.984597
1.2641385 0.17238252 10.563218
0.7182605 -0.62249243 11.779472
1.1587936 -2.1643584 13.072341
1.5897499 -3.323152 12.890382
1.934515 -2.4612393 11.128249
1.6950948 -1.340753 9.193734
1.8387469 -0.4405331 8.034941
1.4460979 0.34476504 7.4986396
0.8523358 1.0534488 6.8665705
0.4309563 1.3599066 6.033388
0.38307226 1.2545617 5.0757074
0.33518824 1.3694834 4.3861775
0.23942018 1.7908629 4.175488
-0.019153614 2.1643584 5.104438
0.2777274 1.934515 6.5218053
0.63206923 1.5514427 8.073248
0.9864111 1.2162545 9.662998
0.7757214 1.2737153 10.524911
0.39264908 1.0821792 11.147403
0.4309563 0.5267244 12.124237
0.4309563 -0.047884032 13.560759
0.94810385 -0.1340753 14.4609785
0.94810385 -0.1340753 14.4609785
1.1875241 -0.06703765 13.742718
0.9576807 0.81402856 12.210428
0.9959879 0.6607997 10.630256
1.0055647 -0.37349546 9.844957
1.6472107 -1.541866 10.879252
2.087744 -1.9440918 12.248735
2.9975405 -2.3175871 12.363658
2.5474305 -1.3215994 10.927136
1.3599066 -0.23942018 8.418014
0.49799395 0.11492168 6.3589997
0.22026655 0.19153613 5.2289367
0.29688102 0.4309563 5.104438
0.50757074 0.8619126 5.592855
0.61291564 1.043872 5.9759274
0.60333884 1.1492168 6.081272
0.51714754 1.1875241 6.196194
0.49799395 1.1971009 6.703765
0.36391866 1.3790601 7.431602
0.24899697 1.436521 8.341399
0.51714754 1.1779473 9.557653
1.0342951 0.79487497 10.965444
1.5610195 0.16280572 12.220005
1.3215994 0.11492168 13.187263
0.6703765 0.39264908 13.704411
0.49799395 0.17238252 13.120225
1.091756 0.21068975 11.990162
1.2737153 0.81402856 10.601525
0.82360536 0.7565677 9.32781
1.043872 -0.58418524 9.643845
1.2354081 -1.6089035 10.342952
2.1930888 -2.8538885 10.04607
2.9783869 -2.5761611 8.992621
3.1507695 -1.4269443 8.504205
2.9496565 -0.15322891 8.7532015
2.2601264 0.076614454 8.590396
2.2601264 0.076614454 8.590396
1.685518 0.1436521 7.565677
1.0247183 0.6991069 5.7365074
0.6895301 1.1875241 4.1946416
0.45968673 1.7046716 3.620033
0.05746084 2.27928 4.1180267
0.18195933 2.0973208 5.3247046
0.47884035 1.7238252 6.789956
0.8810662 1.3215994 7.967903
1.2354081 1.2162545 9.519346
0.90979666 1.2545617 11.204864
0.41180268 0.7374141 12.765883
0.30645782 -0.5267244 14.202404
0.94810385 -1.1300632 15.188815
1.6950948 -0.7565677 14.729129
1.5897499 -0.12449849 13.359646
1.1013328 0.90979666 11.405977
0.5746084 0.641646 10.065224
0.39264908 -0.6607997 9.394848
0.9959879 -1.8195933 9.749189
1.3790601 -1.9632454 10.668563
2.0207062 -1.7238252 10.390836
2.327164 -1.4173675 9.385271
1.9728222 -0.6895301 8.303091
1.5705963 -0.19153613 7.3549876
1.3215994 0.21068975 6.646304
0.91937345 0.7278373 6.2249246
0.5267244 1.1971009 5.9280434
0.5363012 1.4939818 5.4300494
0.641646 1.6567876 4.9799395
0.80445176 1.7812861 5.2289367
0.91937345 1.8770541 6.0621185
1.0534488 1.8004397 7.1634517
1.2641385 1.5897499 8.580819
1.3599066 1.043872 10.0269165
1.3599066 1.043872 10.0269165
1.2641385 0.31603462 11.281479
1.4460979 -0.4213795 12.191275
1.532289 -0.47884035 12.842498
1.283292 0.11492168 13.005303
1.7525556 0.019153614 12.976573
1.7142484 0.16280572 12.670115
1.3120226 0.11492168 12.411542
1.0151415 -0.63206923 11.865664
1.2354081 -1.7525556 11.894394
1.532289 -2.231396 12.018892
1.9440918 -2.1452048 11.204864
2.0590134 -1.4269443 9.787497
1.6759412 -0.31603462 8.456321
0.9864111 0.545878 7.422025
0.45010993 0.90021986 6.1387334
0.16280572 1.1971009 5.171476
-0.095768064 1.5227122 4.673482
-0.038307227 1.5035586 4.4819455
0.019153614 1.5705963 4.5298295
-0.009576807 1.8291701 4.8937483
0.19153613 1.7525556 5.7748146
0.46926352 1.6663644 7.086837
0.842759 1.388637 8.408437
1.0247183 1.4652514 9.050082
0.6991069 1.8291701 9.854534
0.63206923 1.5801731 10.860099
0.2873042 1.0534488 12.842498
0.60333884 0.076614454 14.54717
0.62249243 0.37349546 14.54717
0.641646 1.5897499 13.800179
0.59376204 1.733402 12.871228
0.545878 -0.047884032 12.200851
-0.10534488 -1.7429788 11.789049
-0.12449849 -3.2082303 11.33894
-0.12449849 -3.2082303 10.955867
0.10534488 -3.265691 10.955867
0.45968673 -2.6623523 10.04607
0.5363012 -2.0590134 9.021352
0.22984336 -1.3311762 8.2169
-0.2681506 -0.62249243 7.5082164
-0.46926352 -0.22026655 6.4739213
-0.5554548 0.23942018 5.5162406
-0.4213795 0.7469909 4.5872903
-0.30645782 1.292869 4.0318356
-0.15322891 1.5610195 3.6870706
0.10534488 1.6472107 3.9073372
0.21068975 1.8674773 4.807557
0.20111294 1.9728222 6.2728086
0.6895301 1.388637 7.881712
0.9864111 1.091756 9.414001
1.1204864 0.8619126 11.329363
0.80445176 0.22026655 13.091495
0.46926352 -0.82360536 14.5759
0.24899697 -0.58418524 15.389929
0.7182605 0.05746084 15.150508
0.9768343 1.3694834 14.623784
0.62249243 2.0685902 14.202404
0.35434186 -0.4309563 13.474567
0.10534488 -2.5761611 13.254301
0.49799395 -3.4476504 12.612655
1.532289 -2.9400797 11.109096
1.436521 -1.6089035 9.279925
1.340753 -0.7757214 7.8529816
0.9576807 0.095768064 6.588843
0.49799395 0.641646 5.2480903
-0.15322891 1.091756 4.280833
-0.4309563 1.2737153 3.4284968
-0.4309563 1.484405 3.0550013
-0.50757074 1.6950948 3.2944214
-0.4309563 1.5993267 4.367024
-0.4309563 1.5993267 4.367024
0.038307227 1.3311762 5.889736
0.34476504 1.3599066 7.0006456
0.37349546 1.685518 7.479486
0.38307226 1.9249382 8.015787
0.45968673 2.087744 9.165004
0.5267244 1.9632454 10.831368
1.0151415 1.4748282 12.631808
1.436521 1.1013328 14.374787
1.7429788 1.484405 15.322891
1.8866309 2.0973208 15.418659
1.4173675 2.4995465 14.796166
0.641646 0.8331822 13.790602
0.2681506 -1.1587936 12.325351
0.10534488 -2.2505496 10.505757
0.7565677 -2.7102363 9.270349
0.90979666 -2.1452048 8.66701
1.1779473 -1.5801731 8.714894
0.94810385 -1.1013328 8.762778
0.6895301 -0.8714894 8.2169
0.49799395 -0.641646 7.4124484
0.40222588 -0.45968673 6.6271505
0.545878 -0.047884032 5.889736
0.50757074 0.47884035 5.046977
0.4213795 0.8331822 4.3287168
0.41180268 0.9768343 4.003105
0.51714754 1.0247183 4.405331
0.7278373 1.1492168 5.3821654
1.0534488 1.1587936 6.694188
1.4077905 1.3503298 8.475474
1.7812861 1.388637 10.620679
2.2697031 1.0726024 12.239159
2.6144683 0.33518824 13.01488
1.982399 -0.12449849 13.005303
1.283292 0.30645782 12.698846
1.0534488 0.30645782 12.449849
1.0534488 0.641646 12.449849
1.2258313 0.79487497 12.411542
0.9576807 1.2354081 12.306197
0.80445176 0.32561144 12.133814
0.80445176 -1.2258313 12.545617
1.1300632 -2.2984335 12.603078
2.0111294 -2.5378537 12.105083
2.719813 -1.7142484 10.697293
2.7102363 -0.6703765 9.059659
2.183512 0.047884032 7.6135616
1.4748282 0.5650316 6.703765
0.9864111 0.7182605 6.1866174
0.59376204 0.81402856 5.707777
0.24899697 0.93852705 5.21936
0.20111294 1.1109096 4.6830587
-0.009576807 1.4939818 4.3957543
-0.15322891 1.9057846 4.462792
0.047884032 1.6950948 5.142745
0.38307226 1.5801731 6.291962
0.31603462 1.9249382 7.240066
0.10534488 2.27928 8.159439
0.21068975 2.0207062 9.107543
0.59376204 1.4077905 10.754754
1.1300632 0.545878 12.737153
1.2641385 0.12449849 14.480132
1.3024458 0.39264908 15.112201
1.5993267 0.22026655 14.346057
1.9057846 0.05746084 13.532028
1.8291701 0.06703765 12.947843
1.5227122 -0.5554548 12.191275
1.4748282 -1.1300632 11.511322
1.283292 -1.388637 11.18571
1.388637 -1.5705963 11.042058
1.5610195 -1.541866 10.524911
1.2066777 -1.0151415 9.3661175
1.2066777 -1.0151415 9.3661175
0.92895025 -0.5650316 7.7667904
0.62249243 -0.20111294 6.540959
0.22026655 0.19153613 5.746084
-0.038307227 0.45010993 5.3821654
-0.038307227 0.5650316 5.3342814
0.1436521 0.5746084 5.2480903
0.15322891 0.7469909 4.903325
0.038307227 1.2066777 5.161899
0.1436521 1.6567876 6.0716953
0.58418524 1.7046716 7.0485296
0.82360536 1.8483237 7.6614456
0.94810385 1.934515 8.6095495
1.1013328 1.4173675 9.883265
1.1875241 0.45968673 11.252748
1.3694834 0.02873042 11.81778
1.1779473 0.37349546 11.568783
1.7429788 -0.19153613 11.032481
1.8195933 -0.38307226 11.118672
0.90979666 0.095768064 12.679692
0.2873042 -0.9768343 14.652514
0.6991069 -3.3039982 15.638926
1.4077905 -4.3766007 14.528016
1.8483237 -3.074155 12.660539
2.1452048 -1.8004397 10.67814
1.982399 -0.9672575 9.232041
1.7717092 -0.49799395 8.513782
1.2545617 0.019153614 7.920019
0.38307226 0.50757074 6.8091097
-0.32561144 0.92895025 5.7269306
-0.62249243 1.3599066 4.951209
-0.5363012 1.685518 4.7884035
-0.06703765 1.6376339 4.9895163
0.39264908 1.388637 5.554548
0.9576807 1.2449849 6.1770406
0.9576807 1.2449849 6.83784
1.0342951 1.5131354 6.83784
0.92895025 1.6472107 7.8625584
0.90021986 1.340753 9.184157
1.2066777 1.0247183 9.988609
1.4173675 0.8619126 9.854534
1.1109096 1.0534488 9.3661175
0.7278373 0.94810385 9.394848
0.6991069 0.6512229 10.553641
0.92895025 0.37349546 12.287044
1.0726024 0.7661445 13.101071
1.3215994 1.3215994 12.641385
1.2545617 2.030283 12.29662
1.0630256 1.8674773 12.430696
0.5267244 0.46926352 12.4785795
-0.4213795 -1.1492168 11.827356
-0.6512229 -2.3750482 10.860099
-0.34476504 -2.7102363 10.093954
0.29688102 -2.3558946 9.414001
0.6607997 -1.685518 8.935161
0.6703765 -1.4652514 8.599973
0.545878 -1.3599066 8.350976
0.37349546 -1.3311762 8.130709
0.30645782 -1.1587936 7.5082164
0.095768064 -0.7661445 6.7612257
-0.10534488 -0.39264908 6.0525417
-0.076614454 -0.076614454 5.7365074
0.047884032 0.2873042 5.793968
0.2873042 0.6607997 6.1387334
0.2873042 1.13964 6.789956
0.32561144 1.484405 7.73806
0.48841715 1.5610195 8.580819
0.59376204 1.6759412 9.289502
0.7182605 1.6184803 9.56723
0.6607997 1.5705963 9.442732
0.58418524 1.6663644 9.471462
0.58418524 1.6663644 9.471462
0.48841715 1.541866 9.77792
0.17238252 1.0726024 10.189722
-0.1340753 0.7565677 10.668563
-0.36391866 0.8714894 11.176133
-0.047884032 0.9864111 11.616667
0.7374141 1.1683705 12.076353
1.2737153 1.3694834 13.283031
1.1300632 1.0726024 13.828909
0.62249243 -0.18195933 12.5743475
0.20111294 -1.2737153 10.745177
0.4309563 -1.5897499 9.337387
1.0726024 -1.541866 8.829816
1.6376339 -1.340753 8.963891
1.8100165 -1.2449849 9.050082
1.6184803 -1.1875241 8.887277
1.1109096 -1.043872 8.350976
0.45968673 -0.79487497 7.728483
-0.08619126 -0.45968673 7.240066
-0.34476504 -0.1436521 6.799533
-0.40222588 0.1340753 6.493075
-0.29688102 0.24899697 6.435614
-0.10534488 0.37349546 6.6846113
0.11492168 0.48841715 7.1826053
0.15322891 0.7374141 7.7093296
0.2681506 0.8619126 8.264784
0.41180268 0.93852705 8.580819
0.46926352 1.0055647 8.571242
0.5746084 1.1587936 8.504205
0.7086837 1.4652514 8.532935
0.9959879 1.685518 8.619126
1.1204864 1.8387469 8.619126
1.13964 1.6950948 8.954314
1.292869 1.283292 9.816227
1.292869 0.9959879 10.496181
1.2258313 0.9959879 10.726024
1.2258313 0.9672575 10.726024
1.0342951 1.091756 10.582372
0.90979666 0.842759 10.333375
0.90979666 0.019153614 11.080365
1.3311762 -1.0726024 13.091495
1.2737153 -1.3024458 15.897499
1.2641385 -1.7525556 15.753847
0.5746084 -1.2354081 12.612655
0.39264908 -0.40222588 9.308656
0.15322891 0.33518824 7.383718
-0.22026655 0.34476504 7.2113357
-0.40222588 -0.23942018 8.255207
-0.33518824 -0.8619126 8.963891
0.17238252 -1.4556746 8.935161
0.35434186 -0.78529817 8.829816
0.7757214 0.17238252 8.695741
1.0247183 0.545878 8.810662
1.0630256 0.62249243 8.389283
0.9768343 0.6607997 7.699753
0.6895301 0.6703765 6.742072
0.40222588 0.5554548 5.9280434
0.18195933 0.49799395 5.659893
0.17238252 0.6991069 6.3111157
0.38307226 0.8619126 7.4124484
0.5267244 1.0055647 8.523358
0.62249243 0.90979666 9.222465
0.7182605 1.0055647 9.471462
1.0342951 0.89064306 9.241618
0.9672575 1.2162545 8.925584
1.1204864 1.2737153 9.11712
1.043872 1.0821792 9.5385
0.79487497 0.7661445 9.921572
0.545878 0.60333884 10.228029
0.31603462 0.8523358 10.409989
0.7182605 1.0821792 10.630256
0.7182605 1.0821792 10.630256
1.541866 1.1587936 11.568783
2.030283 0.9864111 13.876793
1.4077905 -0.94810385 15.8304615
1.4748282 -3.9743748 15.399506
0.6991069 -3.964798 13.666103
1.436521 -2.96881 11.731588
2.5187001 -1.934515 9.9790325
3.1316159 -1.3982137 8.762778
3.2465374 -0.9959879 8.015787
2.930503 -0.8523358 7.431602
2.4708161 -0.78529817 6.8282633
1.8674773 -0.7278373 6.1004257
1.4460979 -0.61291564 5.707777
0.7661445 -0.32561144 5.66947
0.4405331 -0.06703765 5.9663506
0.47884035 0.24899697 6.1866174
0.58418524 0.59376204 6.6750345
0.8523358 0.8331822 7.3645644
0.9864111 0.9864111 8.101978
0.9576807 1.13964 8.868123
0.8714894 1.1875241 9.500193
0.81402856 1.1204864 9.787497
0.7278373 1.1875241 9.615114
0.6991069 1.4652514 9.260772
0.7086837 1.7812861 8.954314
0.7661445 1.7142484 8.714894
0.9576807 1.6280571 8.695741
1.1013328 1.5897499 8.848969
1.1683705 1.4173675 9.337387
1.0247183 1.2162545 10.0748005
0.89064306 1.13964 10.6877165
0.7469909 1.388637 11.089942
0.7278373 2.0494366 11.147403
0.82360536 2.7389667 10.965444
0.82360536 2.7389667 10.333375
0.82360536 3.4763808 10.333375
0.8810662 3.5051112 10.228029
0.8523358 2.72939 11.415554
0.8523358 0.33518824 13.9917145
0.641646 -2.4516625 15.26543
0.9959879 -3.5913026 14.393941
0.82360536 -2.7006595 11.520899
0.9672575 -1.8387469 8.130709
0.92895025 -1.3790601 6.1770406
0.842759 -1.3599066 5.90889
1.1587936 -1.9728222 6.588843
1.5035586 -2.336741 7.6231384
1.7525556 -2.432509 8.37013
2.087744 -2.2218192 8.724471
2.4516625 -1.8962077 8.571242
2.4229321 -1.4939818 7.9008656
2.2601264 -1.1300632 7.575254
1.9632454 -0.7661445 7.8050976
1.7142484 -0.59376204 8.437167
1.2449849 -0.39264908 9.097966
0.8714894 -0.19153613 9.624691
0.45968673 0.019153614 9.768343
0.22026655 0.076614454 9.691729
0.047884032 0.11492168 9.461885
-0.009576807 -0.05746084 9.11712
-0.20111294 -0.12449849 8.868123
-0.35434186 -0.12449849 9.030929
-0.30645782 -0.33518824 9.404425
-0.2681506 -0.59376204 9.883265
-0.32561144 -0.6512229 9.892841
-0.40222588 -0.61291564 9.414001
-0.5267244 -0.4309563 8.839393
-0.5554548 -0.33518824 8.37013
-0.5746084 -0.34476504 8.236053
-0.58418524 -0.49799395 8.379706
-0.58418524 -0.49799395 8.379706
-0.60333884 -0.6895301 8.695741
-0.6703765 -0.8810662 8.810662
-0.6703765 -1.1587936 8.676587
-0.5267244 -1.4460979 8.504205
-0.37349546 -1.733402 8.63828
-0.1340753 -2.1068976 9.251195
0.05746084 -2.4133554 9.758766
0.5363012 -2.6144683 10.007763
1.0342951 -2.7581203 10.218452
1.3215994 -2.834735 11.683704
0.7086837 -2.8634653 13.091495
0.15322891 -3.5242648 13.254301
-0.6991069 -3.0262709 11.511322
-1.292869 -1.3982137 9.3661175
-1.2066777 -0.15322891 8.207323
-0.7469909 0.641646 8.169016
-0.1340753 1.1683705 8.485051
0.62249243 1.1492168 8.571242
1.1587936 0.5267244 8.37013
1.7238252 -0.1340753 8.504205
2.0398598 -0.7374141 9.184157
2.1452048 -1.3503298 10.199299
2.2409728 -1.6759412 11.003751
2.0973208 -1.6663644 10.965444
2.0685902 -1.5035586 9.988609
1.4939818 -1.1875241 8.724471
1.3215994 -1.091756 8.255207
1.1587936 -1.2449849 8.42759
1.2449849 -1.5131354 8.695741
1.2545617 -1.6472107 8.992621
1.2737153 -1.8387469 9.165004
1.2066777 -1.8674773 9.212888
1.3503298 -1.8291701 9.337387
1.4173675 -1.685518 9.299079
1.4173675 -1.685518 9.299079
1.388637 -1.5705963 8.954314
1.388637 -1.3982137 8.571242
1.3694834 -1.2162545 8.1881695
1.4173675 -1.13964 7.9391727
1.6280571 -1.1875241 7.967903
1.8291701 -1.2737153 8.082825
1.9632454 -1.283292 8.082825
2.078167 -1.2449849 8.054094
1.934515 -1.2641385 7.8529816
2.0015526 -1.3982137 7.824251
2.1164744 -1.3694834 7.881712
2.0590134 -1.3024458 7.6614456
2.0494366 -1.1875241 7.374141
1.8579005 -0.79487497 7.4986396
1.9057846 -0.6799533 8.063671
1.8291701 -0.7278373 9.270349
1.292869 -0.095768064 11.042058
0.62249243 0.02873042 12.344504
-0.49799395 0.076614454 12.717999
-0.59376204 0.06703765 13.350069
-0.076614454 0.39264908 14.202404
0.009576807 0.6895301 14.355634
-0.1436521 0.8619126 13.905523
-0.29688102 0.29688102 12.152967
-0.78529817 -0.22026655 9.643845
-1.0630256 -0.25857377 7.4986396
-0.8810662 -0.1436521 6.3111157
-0.7086837 -0.095768064 5.985504
-0.37349546 -0.22984336 6.5696893
0.11492168 -0.36391866 7.4507556
0.6607997 -0.41180268 8.178593
1.0055647 -0.31603462 8.561666
0.93852705 -0.19153613 8.772355
0.60333884 -0.22984336 8.858546
0.33518824 -0.40222588 9.050082
0.33518824 -0.40222588 9.050082
0.32561144 -0.58418524 9.203311
0.31603462 -0.49799395 9.14585
0.45968673 -0.22026655 8.848969
0.41180268 0.20111294 8.523358
0.36391866 0.5650316 8.197746
0.2873042 0.7661445 8.063671
0.46926352 0.8810662 8.149862
0.7086837 0.9959879 8.456321
0.9576807 1.2545617 8.66701
0.9576807 1.6376339 8.734048
0.8619126 1.9728222 8.714894
0.7469909 2.078167 8.7053175
0.7182605 2.0494366 8.810662
0.90021986 2.0015526 9.021352
1.1300632 1.685518 9.3661175
1.5035586 1.3503298 10.01734
1.685518 1.0151415 10.793061
1.8195933 0.37349546 11.042058
1.733402 0.019153614 11.386824
1.1300632 0.009576807 12.53604
0.48841715 -1.5993267 13.876793
0.30645782 -3.6870706 14.279019
0.9959879 -4.5872903 13.867216
1.4460979 -3.8977604 12.861651
1.6759412 -2.7581203 11.702858
1.5993267 -2.1930888 10.668563
1.0342951 -1.8291701 9.3661175
0.45010993 -1.2737153 8.130709
-0.1340753 -0.63206923 6.895301
-0.36391866 -0.15322891 6.0525417
-0.4309563 0.17238252 5.765238
-0.32561144 0.30645782 5.8705826
-0.2873042 0.29688102 6.0525417
-0.30645782 0.4405331 6.397307
-0.30645782 0.4405331 6.397307
-0.22984336 0.7278373 6.8091097
-0.02873042 0.89064306 7.3071036
0.39264908 0.8619126 7.776367
0.40222588 0.6607997 8.389283
0.33518824 0.45010993 9.500193
0.35434186 0.22984336 9.940725
-0.1436521 1.1683705 9.595961
-0.37349546 2.1547816 9.059659
-0.18195933 2.1643584 8.868123
-0.019153614 1.8004397 8.983045
0.4309563 1.532289 9.433155
0.94810385 1.3215994 9.701305
1.13964 1.3024458 10.055647
1.0630256 0.8619126 10.726024
0.7086837 0.6895301 11.942278
1.4269443 0.06703765 11.903971
1.4077905 -0.37349546 10.505757
1.7908629 -1.4460979 10.6877165
1.6663644 -2.0685902 12.449849
2.4229321 -3.083732 15.418659
3.0071173 -2.5474305 12.938266
2.1930888 -1.7142484 9.289502
0.7757214 -1.1683705 8.130709
-0.18195933 -0.8619126 8.159439
-0.1436521 -0.80445176 9.289502
0.5650316 -1.0821792 9.500193
0.90979666 -0.9959879 8.916007
1.0055647 -1.0726024 8.839393
1.2258313 -1.13964 8.839393
1.5705963 -0.93852705 8.24563
0.7086837 -0.6512229 7.843405
0.5363012 0.1340753 7.2783732
0.49799395 0.39264908 6.7229185
0.45968673 0.17238252 7.728483
0.7469909 0.17238252 7.240066
0.7469909 -0.22026655 7.240066
0.7757214 -0.51714754 7.642292
0.59376204 0.35434186 8.054094
0.34476504 1.043872 8.130709
0.047884032 1.4652514 8.360553
0.11492168 1.9249382 8.274361
0.641646 1.8674773 8.619126
1.2162545 1.541866 8.858546
1.0247183 1.4556746 8.954314
0.2777274 1.7046716 9.212888
0.08619126 2.1260512 9.682152
0.45968673 2.2122424 10.247183
0.33518824 2.0685902 10.745177
0.93852705 1.7046716 10.46745
1.5897499 1.733402 11.022904
1.5705963 1.2737153 11.377247
1.5035586 0.5746084 11.051635
0.9864111 0.05746084 10.208876
0.8523358 -0.2777274 9.481039
1.5131354 -0.16280572 9.701305
2.1930888 0.12449849 9.749189
2.1452048 0.23942018 9.548077
1.6376339 0.842759 8.925584
0.82360536 1.1587936 8.379706
0.08619126 1.1587936 8.274361
-0.20111294 1.3024458 8.331821
0.10534488 1.484405 8.6095495
0.2777274 1.436521 8.925584
0.05746084 1.3024458 8.762778
0.02873042 1.2162545 8.599973
0.22984336 1.1587936 9.011775
0.62249243 1.1013328 9.844957
0.6895301 1.2258313 10.055647
0.59376204 1.2354081 9.519346
0.5554548 1.1779473 9.088389
0.5554548 1.1779473 9.088389
0.49799395 0.90021986 8.983045
0.16280572 0.5650316 9.021352
0.23942018 0.545878 8.810662
0.6512229 1.0055647 8.916007
0.63206923 1.3120226 8.810662
0.06703765 1.484405 8.599973
-0.6895301 1.4173675 9.021352
-0.38307226 1.1971009 9.423578
0.21068975 0.9864111 9.423578
0.45968673 0.90979666 9.165004
0.6895301 1.2066777 9.356541
0.45010993 1.1492168 9.078813
-0.019153614 1.436521 8.743625
-0.18195933 1.541866 8.504205
-0.17238252 1.5993267 8.6574335
-0.22026655 1.8004397 8.839393
-0.48841715 1.9249382 9.107543
-0.33518824 1.6472107 9.260772
-0.24899697 1.7046716 9.471462
-0.22026655 1.6567876 9.414001
-0.92895025 1.6950948 8.686164
-0.6607997 1.8387469 9.404425
-0.4309563 1.8291701 9.481039
-0.5650316 1.8291701 9.346964
-0.30645782 1.8387469 9.040505
-0.29688102 2.0494366 8.762778
